generation,N_shifts,logPrior,logLik,eventRate,acceptRate
0,0,-1.51396,-416.953,1,1
1000,0,-1.91492,-218.225,0.305683,0.344
2000,0,-0.957386,-216.765,0.0578389,0.327
3000,0,-1.53234,-216.835,0.513922,0.267911
4000,0,-2.56467,-218.626,1.23128,0.253
5000,4,-11.3626,-207.75,0.866943,0.477333
6000,5,-12.466,-197.203,2.69796,0.573
7000,3,-7.2584,-205.524,1.70224,0.595
8000,1,-3.45261,-199.407,1.23998,0.514
9000,0,-1.54499,-216.789,0.281104,0.3526
10000,6,-15.6384,-201.454,1.11671,0.477652
11000,1,-3.50581,-203.837,0.967071,0.520667
12000,3,-8.54917,-203.392,1.83628,0.5385
13000,1,-2.82351,-200.632,0.538937,0.47
14000,2,-6.69457,-199.115,1.96257,0.512
15000,1,-4.44932,-202.667,1.00641,0.485
16000,1,-3.34379,-204.387,1.09095,0.471408
17000,1,-4.71304,-199.464,2.1566,0.51575
18000,1,-2.00015,-200.617,0.322159,0.488
19000,1,-4.11915,-199.686,1.10119,0.519333
20000,1,-4.2383,-200.711,2.49578,0.538
21000,1,-4.78699,-202.98,1.53963,0.518167
22000,1,-5.05342,-198.601,1.93897,0.54225
23000,1,-3.9665,-205.13,0.253897,0.559
24000,1,-4.93598,-199.006,1.5406,0.509
25000,2,-9.96617,-203.075,3.77156,0.512
26000,1,-4.93862,-200.998,1.07083,0.501412
27000,1,-3.67954,-203.123,0.738388,0.511
28000,1,-3.75098,-203.054,1.08354,0.493
29000,1,-3.82688,-201.317,1.12871,0.467
30000,2,-4.6375,-203.623,0.263383,0.475
31000,3,-9.03619,-205.749,1.30875,0.572
32000,1,-2.05542,-203.494,0.0839496,0.492
33000,1,-3.22067,-199.67,0.91512,0.554364
34000,1,-4.12985,-201.864,0.537142,0.478
35000,1,-3.4342,-199.425,1.13934,0.419
36000,1,-3.35659,-199.106,0.640013,0.419
37000,1,-4.81033,-200.555,2.99466,0.49875
38000,4,-10.9841,-201.817,2.52113,0.526923
39000,1,-5.02146,-200.516,0.55942,0.492
40000,1,-4.12524,-201.804,1.01743,0.49
41000,1,-2.95442,-202.292,0.151003,0.498
42000,2,-7.44488,-200.283,2.52998,0.484
43000,1,-4.19335,-201.138,1.18304,0.508
44000,1,-2.34133,-199.47,0.300361,0.474
45000,1,-2.51749,-199.06,0.422633,0.495
46000,1,-5.53921,-201.151,3.13158,0.503571
47000,1,-3.59901,-197.782,0.859848,0.459
48000,1,-3.92968,-204.616,0.629701,0.510636
49000,2,-4.32701,-198.267,0.548375,0.514
50000,1,-3.28978,-199.066,0.766838,0.477
51000,3,-12.5917,-200.615,1.34556,0.48125
52000,1,-5.41396,-201.598,2.15425,0.483
53000,1,-2.80502,-198.579,0.276973,0.461
54000,1,-3.90038,-203.622,0.956242,0.497
55000,1,-7.0994,-204.002,2.57006,0.472
56000,3,-8.30372,-201.345,0.902581,0.589
57000,1,-4.48355,-201.86,1.72999,0.495
58000,1,-3.17186,-202.849,0.737965,0.473
59000,1,-2.68018,-204.759,0.0960349,0.527444
60000,2,-6.74209,-199.049,3.20938,0.524
61000,1,-3.16165,-200.9,0.813743,0.546
62000,3,-12.5596,-200.538,2.62792,0.473
63000,1,-3.92001,-204.552,0.332004,0.5376
64000,2,-5.59098,-201.601,0.666425,0.546
65000,1,-4.84458,-204.195,2.19998,0.453
66000,1,-4.28909,-203.434,0.653895,0.492
67000,2,-8.90093,-200.462,2.28791,0.5
68000,1,-3.36621,-202.468,1.05545,0.526333
69000,2,-6.95092,-205.583,1.46174,0.474
70000,1,-3.15723,-203.552,0.256924,0.479
71000,1,-4.36717,-200.357,0.559927,0.453
72000,1,-5.41953,-201.62,1.02227,0.527039
73000,1,-3.95999,-201.909,0.444097,0.499667
74000,1,-7.47465,-199.477,3.33694,0.428
75000,1,-4.06055,-202.601,0.595417,0.489667
76000,1,-4.3364,-200.114,1.67971,0.47
77000,2,-5.52603,-202.078,1.07239,0.464667
78000,1,-3.87784,-200.162,0.22661,0.540429
79000,1,-3.50077,-200.282,1.15157,0.472
80000,1,-4.21723,-199.908,1.97655,0.528619
81000,1,-5.6733,-203.725,0.941151,0.46
82000,1,-3.36634,-201.086,1.20729,0.483
83000,1,-2.30293,-199.1,0.406789,0.5
84000,1,-5.36824,-200.033,2.35283,0.508
85000,3,-6.34144,-201.914,1.12508,0.55
86000,1,-6.27465,-205.451,0.702027,0.5354
87000,1,-2.79638,-199.743,0.123009,0.421
88000,1,-5.12318,-200.341,1.59353,0.434
89000,1,-3.07356,-201.029,0.714676,0.5113
90000,1,-9.27829,-204.46,3.13845,0.502
91000,1,-5.24909,-201.915,1.57313,0.522
92000,1,-4.77026,-204.147,1.30907,0.515
93000,1,-3.69964,-200.166,1.23764,0.487
94000,3,-14.199,-202.007,2.47528,0.49
95000,1,-5.09083,-212.363,1.85698,0.4765
96000,1,-3.87685,-201.712,1.44664,0.432
97000,2,-4.03224,-200.635,1.3753,0.475
98000,1,-3.00951,-199.117,0.224281,0.471
99000,1,-2.85145,-204.207,0.668516,0.485
100000,1,-2.66578,-199.632,0.890733,0.542
101000,1,-3.80631,-199.98,1.1511,0.459
102000,2,-4.30381,-199.042,0.91754,0.558
103000,1,-2.34013,-203.581,0.517737,0.491
104000,1,-2.93296,-200.507,0.49244,0.492
105000,1,-4.16949,-201.891,0.679699,0.549294
106000,1,-5.37321,-200.426,2.00149,0.476
107000,2,-6.38632,-201.047,2.42197,0.517
108000,3,-9.0048,-203.447,2.95859,0.524
109000,3,-13.1699,-203.513,2.20083,0.573
110000,6,-19.0237,-196.566,5.40303,0.5382
111000,1,-3.81319,-199.732,0.621988,0.533
112000,1,-3.11084,-200.738,0.356244,0.454
113000,2,-8.00456,-201.516,2.4532,0.530263
114000,5,-16.2518,-203.669,2.93955,0.5476
115000,1,-3.58808,-201.165,1.37389,0.586
116000,2,-6.25883,-197.714,0.555992,0.525
117000,3,-10.6532,-207.545,1.81378,0.46
118000,1,-4.14177,-200.938,1.49883,0.494
119000,1,-3.32777,-200.566,0.517571,0.475
120000,1,-3.70624,-204.138,1.37245,0.523286
121000,1,-5.86593,-200.277,1.26072,0.535333
122000,1,-3.7277,-201.625,1.0857,0.456
123000,2,-6.78128,-196.104,2.13769,0.491286
124000,1,-2.93398,-198.853,0.766043,0.482
125000,3,-11.5271,-201.547,2.49924,0.5465
126000,1,-4.4751,-199.445,1.72789,0.581
127000,1,-5.81593,-199.571,3.57696,0.560714
128000,1,-2.6478,-203.754,0.510841,0.463
129000,1,-4.04244,-206.134,0.227643,0.519
130000,1,-6.79365,-201.479,4.25489,0.515364
131000,1,-5.51731,-199.388,1.48234,0.511143
132000,1,-4.03471,-202.862,1.4033,0.484
133000,3,-15.4451,-203.882,3.90103,0.467
134000,1,-3.70559,-202.688,0.537337,0.544
135000,1,-3.92481,-200.169,0.812072,0.506333
136000,1,-4.00859,-200.488,1.42856,0.46
137000,1,-5.20632,-199.481,2.55243,0.499333
138000,1,-4.35095,-200.541,1.17243,0.481
139000,1,-5.97972,-204.086,2.57968,0.455
140000,1,-3.43144,-200.167,0.187534,0.477
141000,1,-4.25307,-201.143,1.11506,0.5318
142000,1,-2.48509,-198.152,0.477188,0.464
143000,1,-5.02843,-202.146,1.52333,0.5295
144000,1,-3.90674,-200.927,0.402755,0.42
145000,2,-7.04555,-201.886,1.86388,0.5106
146000,1,-4.14717,-200.305,1.24873,0.501
147000,2,-4.80525,-199.297,0.859272,0.5004
148000,1,-2.9701,-198.734,0.527445,0.505
149000,2,-6.82686,-201.852,2.16341,0.482
150000,1,-6.21966,-206.073,1.89543,0.529238
151000,1,-4.31447,-199.918,1.00494,0.5095
152000,2,-8.46916,-200.76,0.859384,0.476
153000,1,-2.91741,-198.326,0.89237,0.52
154000,1,-4.09462,-205.356,1.47266,0.53725
155000,3,-10.2196,-199.988,2.6984,0.531
156000,1,-2.46564,-200.153,0.381207,0.537
157000,1,-2.99827,-200.012,0.988144,0.485
158000,1,-3.07574,-198.313,0.813428,0.491
159000,1,-2.74472,-200.27,0.251728,0.496
160000,1,-3.94929,-200.219,0.497052,0.431
161000,1,-6.58684,-204.125,2.18061,0.532267
162000,2,-14.7684,-200.023,5.11048,0.4835
163000,1,-2.8426,-200.315,1.15778,0.494
164000,1,-3.97897,-202.071,1.73573,0.484
165000,1,-2.50745,-208.235,0.615345,0.51535
166000,2,-9.95902,-200.899,2.8196,0.464
167000,1,-6.87463,-205.971,1.14569,0.51275
168000,1,-4.89466,-200.919,0.140394,0.432
169000,2,-4.9299,-198.371,1.61105,0.492333
170000,1,-4.01368,-201.297,1.0179,0.533
171000,1,-5.15949,-200.095,3.01859,0.513
172000,1,-3.7629,-200.763,1.46311,0.491125
173000,1,-5.39363,-201.037,1.77388,0.475
174000,1,-2.85252,-204.5,0.617443,0.446
175000,2,-6.30232,-205.863,1.05035,0.504
176000,1,-5.4959,-202.329,2.93075,0.512
177000,1,-4.60503,-200.081,1.32661,0.499
178000,1,-5.39114,-200.771,1.24146,0.522
179000,1,-4.29537,-200.303,2.27323,0.531625
180000,1,-2.43134,-199.791,0.662744,0.518
181000,1,-4.13448,-201.268,1.34033,0.507
182000,1,-2.69072,-206.327,0.705705,0.461
183000,1,-4.19305,-202.77,1.13391,0.438
184000,1,-5.17951,-201.461,0.578706,0.515938
185000,1,-4.58488,-199.332,1.37626,0.484
186000,1,-3.33107,-203.937,0.405352,0.448
187000,1,-3.09056,-203.736,0.72599,0.446
188000,1,-2.29766,-202.118,0.409317,0.562
189000,1,-5.00078,-200.886,3.18059,0.521
190000,1,-3.97038,-201.276,1.37099,0.48
191000,2,-5.34938,-196.269,1.15306,0.5
192000,3,-8.29494,-198.601,2.61416,0.551
193000,4,-11.9639,-193.818,2.42661,0.566
194000,1,-2.30645,-200.251,0.443707,0.444707
195000,2,-5.69007,-199.122,2.27062,0.488
196000,1,-4.54506,-201.385,1.13687,0.502
197000,1,-3.28109,-202.432,0.80235,0.506
198000,1,-4.98794,-202.135,1.59743,0.5099
199000,2,-6.27541,-202.766,0.787561,0.461
200000,1,-4.58562,-199.137,0.784833,0.483
201000,2,-5.87193,-199.716,2.33922,0.576
202000,1,-3.94063,-200.354,2.03656,0.555
203000,1,-2.87545,-202.173,0.779106,0.499
204000,1,-2.48771,-200.065,0.28631,0.520333
205000,1,-4.00407,-200.293,1.11049,0.535
206000,3,-9.85716,-200.634,2.70408,0.519667
207000,1,-4.31355,-203.062,1.61778,0.53
208000,2,-7.46183,-201.317,3.69844,0.468
209000,1,-3.97489,-200.195,0.786776,0.467
210000,2,-7.25163,-198.728,3.53191,0.494
211000,1,-2.75881,-198.582,0.167263,0.512
212000,1,-5.03711,-198.841,2.98023,0.48
213000,1,-4.31782,-201.724,0.523985,0.517
214000,2,-6.14037,-199.607,2.02507,0.501
215000,1,-5.69728,-199.696,0.547225,0.5415
216000,3,-8.04712,-200.777,1.82574,0.513333
217000,1,-3.58314,-205.242,1.39481,0.552
218000,1,-3.14007,-201.186,0.579841,0.505
219000,1,-4.81921,-201.712,1.04657,0.453
220000,3,-7.57661,-204.913,2.16795,0.465
221000,1,-4.92079,-199.566,1.40947,0.525429
222000,1,-5.02312,-200.801,0.917354,0.4945
223000,2,-7.44786,-203.095,1.20366,0.4735
224000,2,-8.31018,-202.364,2.00663,0.543161
225000,1,-5.12131,-210.637,0.284624,0.505
226000,1,-2.50396,-199.915,0.252156,0.475
227000,1,-6.47245,-199.319,2.75804,0.521
228000,1,-2.39733,-200.944,0.16645,0.495
229000,1,-2.61362,-200.205,0.772181,0.506286
230000,1,-2.48312,-200.955,0.788302,0.484
231000,1,-2.89041,-199.49,0.724518,0.517
232000,1,-2.17444,-199.253,0.286918,0.452
233000,1,-3.7883,-201.595,1.48604,0.503875
234000,1,-3.33036,-201.318,0.15706,0.469
235000,1,-3.47666,-203.434,1.11693,0.47
236000,1,-3.56397,-200.635,1.39098,0.502571
237000,2,-8.3022,-200.4,1.22076,0.5245
238000,2,-5.13819,-203.892,1.23249,0.519
239000,2,-4.66576,-200.796,0.520983,0.563
240000,1,-3.20678,-200.194,1.00961,0.487
241000,2,-6.82631,-199.856,1.3598,0.548
242000,2,-6.53485,-202.597,1.03972,0.545
243000,1,-3.0195,-203.522,0.891632,0.50575
244000,1,-2.63448,-199.886,0.159576,0.45
245000,1,-3.82578,-201.101,0.879317,0.567
246000,1,-2.84484,-200.656,0.878757,0.495
247000,1,-3.32934,-199.713,0.395652,0.522
248000,1,-3.1214,-201.527,1.28632,0.521
249000,1,-2.7752,-198.668,0.242177,0.489
250000,2,-7.25328,-197.61,1.23275,0.497
251000,1,-3.34259,-199.518,0.736671,0.546
252000,1,-4.11981,-199.505,0.905929,0.534
253000,2,-9.28365,-199.751,2.0444,0.513
254000,1,-2.0944,-198.918,0.335929,0.533824
255000,1,-4.16063,-199.579,1.53616,0.562
256000,1,-2.66216,-203.641,0.283493,0.479
257000,1,-5.29522,-199.732,1.29624,0.543
258000,3,-7.19192,-198.868,1.15841,0.523
259000,1,-2.92963,-199.325,0.269888,0.555
260000,1,-3.68127,-200.444,1.18742,0.469
261000,3,-7.30969,-199.951,1.54363,0.53232
262000,1,-4.41553,-202.701,0.928102,0.54755
263000,1,-3.04487,-202.254,0.459864,0.528
264000,1,-5.26286,-208.292,2.17067,0.495
265000,2,-6.80905,-200.843,1.72965,0.505333
266000,1,-4.23563,-201.096,0.678167,0.485
267000,1,-2.63417,-199.621,0.410732,0.464
268000,1,-5.25114,-202.817,0.814667,0.523
269000,1,-4.93717,-202.243,0.178902,0.47
270000,1,-4.0258,-200.68,0.872344,0.521
271000,1,-3.01704,-198.96,0.713064,0.525273
272000,1,-5.95581,-204.682,2.81193,0.487
273000,1,-2.75691,-203.784,0.900897,0.481667
274000,1,-4.26746,-200.29,1.77539,0.538
275000,1,-3.07705,-202.812,0.235331,0.515
276000,2,-5.78034,-199.224,0.208924,0.476
277000,1,-2.99658,-198.883,1.3068,0.515385
278000,1,-5.82424,-201.179,0.341267,0.545
279000,2,-7.98421,-199.375,2.01574,0.512
280000,2,-4.22184,-198.856,0.921978,0.554
281000,1,-3.33631,-202.211,1.3374,0.541667
282000,2,-5.30161,-200.935,1.34417,0.546
283000,2,-8.42041,-202.229,2.83841,0.518591
284000,1,-3.91522,-202.71,1.52827,0.555
285000,1,-3.75777,-201.681,1.4389,0.507
286000,1,-3.07569,-200.478,0.267814,0.473
287000,1,-5.01476,-199.253,0.738079,0.466
288000,2,-6.57795,-203.369,2.35533,0.5
289000,2,-10.4768,-204.493,0.725813,0.478
290000,1,-4.74884,-201.473,1.63434,0.506
291000,1,-2.27298,-199.202,0.557308,0.496
292000,2,-9.03979,-200.256,2.07194,0.508
293000,2,-6.25049,-201.358,1.89252,0.527909
294000,2,-8.17583,-200.679,2.03169,0.503
295000,1,-3.22746,-198.91,0.686701,0.525
296000,3,-10.5386,-207.847,0.690572,0.548
297000,1,-2.89955,-208.836,0.512826,0.529765
298000,1,-4.00106,-201.596,0.384959,0.533
299000,3,-8.72292,-203.388,2.71493,0.518429
300000,1,-4.28203,-199.956,1.11676,0.519
301000,1,-4.2746,-199.994,1.37044,0.53696
302000,2,-5.80525,-199.681,1.21175,0.532
303000,1,-3.66735,-199.985,0.381312,0.503
304000,1,-5.36686,-199.926,0.539221,0.458
305000,1,-2.69506,-202.084,0.731467,0.477
306000,1,-3.27905,-201.906,0.494404,0.479
307000,1,-3.06985,-199.684,0.47606,0.524
308000,1,-4.0849,-200.104,1.79156,0.471
309000,1,-3.23763,-198.635,1.1547,0.507
310000,2,-6.12837,-202.202,1.09645,0.57
311000,2,-10.3722,-201.886,4.69653,0.529077
312000,1,-2.53522,-200.756,0.398382,0.517
313000,1,-3.03446,-200.173,0.690951,0.467
314000,1,-4.49332,-198.506,1.83823,0.484
315000,3,-7.09381,-201.36,1.61926,0.576
316000,1,-4.02924,-203.361,0.9593,0.531
317000,2,-5.68393,-202.046,0.358893,0.461
318000,2,-8.75975,-201.22,1.4383,0.482667
319000,1,-3.04587,-199.969,0.537807,0.522
320000,1,-5.25702,-201.426,1.73167,0.479
321000,1,-2.66984,-204.459,0.771151,0.549364
322000,1,-4.74777,-199.294,2.07149,0.467
323000,1,-3.13505,-199.905,0.37003,0.492167
324000,1,-3.1998,-203.518,1.19787,0.4795
325000,1,-3.82301,-201.343,1.4225,0.497
326000,1,-3.61064,-199.728,0.519716,0.521
327000,1,-3.43483,-204.462,1.43871,0.503
328000,1,-3.3423,-204.125,1.07333,0.475
329000,1,-3.3463,-199.525,0.133845,0.517
330000,2,-6.20321,-201.081,1.47432,0.521143
331000,3,-7.37777,-199.296,2.32141,0.569
332000,1,-5.12335,-199.085,1.79269,0.496
333000,1,-3.95744,-200.977,1.60567,0.456
334000,1,-3.21591,-201.802,0.210124,0.485
335000,1,-3.86555,-200.495,1.22306,0.537333
336000,1,-4.9122,-200.197,1.78806,0.457
337000,1,-4.33279,-200.765,0.508969,0.484
338000,1,-4.05947,-207.352,0.669668,0.549
339000,2,-7.21386,-202.477,0.633316,0.505
340000,2,-5.09692,-202.941,1.72557,0.42925
341000,2,-5.6932,-200.954,1.35183,0.497
342000,1,-3.5144,-202.527,0.710727,0.495
343000,2,-6.74794,-199.827,2.22706,0.523
344000,2,-4.32613,-200.18,0.259325,0.517
345000,1,-3.19903,-201.603,0.401725,0.527
346000,1,-3.82522,-201.587,1.07272,0.476
347000,1,-5.1633,-199.433,2.5529,0.540615
348000,1,-2.70567,-200.693,0.30636,0.442
349000,1,-4.46125,-199.864,2.15082,0.464
350000,1,-3.74543,-202.919,0.284635,0.49975
351000,2,-8.58291,-208.473,1.50506,0.4775
352000,1,-3.58497,-201.043,0.53321,0.505
353000,1,-3.55207,-199.003,0.424796,0.495
354000,1,-4.21032,-202.486,1.44432,0.513
355000,2,-6.48273,-196.521,1.61331,0.464
356000,3,-7.48908,-199.159,2.79429,0.531
357000,1,-4.18418,-200.921,1.0345,0.479
358000,1,-5.33677,-200.722,1.38535,0.458
359000,1,-3.89542,-199.682,0.816167,0.491
360000,1,-4.43578,-202.958,0.86909,0.476
361000,1,-4.80388,-199.908,0.623878,0.48
362000,1,-4.1977,-203.493,0.003615,0.485
363000,2,-5.44557,-201.129,2.67009,0.518
364000,2,-8.27386,-203.765,1.45907,0.555333
365000,1,-6.00679,-200.846,1.46557,0.5595
366000,1,-3.07825,-205.888,1.12146,0.503
367000,1,-3.64352,-202.088,1.38619,0.543667
368000,3,-8.32234,-201.217,1.90418,0.536
369000,4,-15.0663,-201.166,5.58086,0.608
370000,3,-12.8787,-201.064,1.59271,0.512903
371000,1,-2.11354,-200.367,0.282435,0.571
372000,1,-2.96709,-205.222,0.629869,0.515
373000,1,-3.0062,-200.573,0.451572,0.533429
374000,1,-3.36295,-198.627,1.49989,0.453
375000,1,-2.81143,-200.023,0.284528,0.473
376000,2,-8.27144,-200.948,2.24792,0.525429
377000,1,-2.5118,-198.263,0.788932,0.5444
378000,1,-6.28986,-201.222,3.90846,0.488
379000,1,-1.85566,-200.134,0.223596,0.546
380000,3,-10.2865,-200.252,3.03479,0.537833
381000,1,-4.32121,-199.603,2.44778,0.527
382000,1,-3.97535,-199.478,1.58705,0.509
383000,1,-2.20222,-200.314,0.173679,0.524
384000,1,-2.60217,-198.853,0.3098,0.52
385000,2,-4.51559,-203.697,0.319683,0.540143
386000,3,-9.63272,-201.162,2.62659,0.57
387000,3,-10.9117,-201.254,3.27069,0.551
388000,1,-3.02944,-208.037,1.07049,0.52875
389000,3,-7.9737,-203.786,1.3838,0.547
390000,1,-3.18192,-201.73,0.537138,0.5558
391000,2,-5.24975,-199.096,1.68471,0.471
392000,2,-6.13147,-197.691,1.75777,0.5165
393000,1,-3.769,-198.735,1.8395,0.491
394000,1,-4.2184,-200.336,0.481236,0.465
395000,1,-4.87075,-201.956,2.2229,0.566562
396000,1,-3.46474,-201.287,0.879052,0.445
397000,1,-2.37221,-201.887,0.250215,0.471
398000,1,-4.72985,-204.563,1.83736,0.5
399000,3,-9.26892,-212.119,3.6673,0.536125
400000,2,-7.50436,-204.553,1.20499,0.565
401000,1,-5.07068,-208.448,2.29,0.523
402000,2,-12.4714,-199.79,3.746,0.468
403000,1,-3.73278,-198.812,1.23982,0.512
404000,1,-2.69741,-198.711,0.920247,0.493
405000,1,-3.82219,-206.294,0.758556,0.458
406000,1,-3.25549,-202.819,1.20829,0.497
407000,1,-4.35284,-204.151,1.17845,0.516
408000,1,-3.69651,-203.042,1.03547,0.5958
409000,1,-2.5842,-199.919,0.665951,0.531
410000,1,-2.77793,-201.241,0.628707,0.509
411000,1,-3.72094,-198.912,1.39276,0.529
412000,2,-5.63029,-202.007,0.615133,0.527348
413000,1,-2.55889,-199.165,0.294437,0.524
414000,1,-2.9439,-201.277,0.157071,0.507
415000,3,-8.60336,-200.552,2.2879,0.50625
416000,2,-5.17711,-204.489,1.24341,0.4845
417000,1,-3.30181,-198.445,1.25911,0.533
418000,1,-4.91235,-199.655,0.53878,0.482
419000,2,-6.6514,-204.809,1.22429,0.51976
420000,1,-3.1237,-202.281,0.477023,0.521
421000,1,-4.20566,-200.708,2.07416,0.474
422000,2,-7.41143,-197.124,0.879114,0.49375
423000,2,-5.52016,-199.837,1.15148,0.543375
424000,4,-15.5852,-198.699,3.40932,0.501
425000,1,-3.08645,-202.115,0.683399,0.493667
426000,3,-9.31529,-201.048,1.3954,0.5114
427000,3,-9.1753,-209.935,2.20207,0.495
428000,1,-6.62709,-200.564,2.12234,0.525333
429000,1,-3.34404,-198.612,1.1967,0.47
430000,1,-5.04124,-202.207,1.93042,0.474
431000,2,-5.73148,-198.962,0.997232,0.505
432000,2,-6.05247,-201.361,2.18046,0.506
433000,2,-5.26792,-200.248,1.371,0.538
434000,1,-3.646,-202.321,1.58181,0.549143
435000,2,-5.97926,-199.71,1.33005,0.475
436000,2,-5.79623,-200.578,1.53654,0.495
437000,2,-5.99362,-201.412,1.78676,0.551
438000,1,-3.35879,-200.909,1.40162,0.493
439000,3,-8.62218,-204.286,1.12963,0.551
440000,2,-4.29254,-201.882,0.168708,0.527
441000,2,-5.19588,-198.951,1.58157,0.549
442000,1,-4.91843,-204.348,0.260884,0.540143
443000,1,-4.20651,-200.175,1.0206,0.454
444000,1,-6.56229,-200.124,2.5006,0.513364
445000,1,-3.19498,-204.712,0.225474,0.4715
446000,2,-6.01689,-201.566,0.227523,0.504
447000,2,-6.4079,-200.775,2.412,0.591
448000,1,-3.16262,-200.163,0.117952,0.49
449000,1,-2.98068,-198.634,1.04584,0.503
450000,1,-4.04909,-205.482,1.83159,0.511
451000,1,-3.68593,-200.803,1.65557,0.497714
452000,1,-3.09288,-204.314,1.01742,0.503
453000,1,-4.32212,-203.718,1.10866,0.482667
454000,1,-5.1434,-204.068,1.09924,0.479
455000,1,-3.70734,-199.2,1.36054,0.474
456000,2,-6.00502,-200.044,1.92731,0.49
457000,1,-4.29041,-205.271,0.513304,0.533375
458000,1,-3.15509,-203.578,1.33182,0.489
459000,1,-5.55377,-200.208,1.8891,0.471
460000,3,-7.92128,-197.973,2.12885,0.503
461000,1,-3.50779,-201.049,0.873339,0.565
462000,1,-2.73636,-200.881,0.515362,0.459
463000,1,-2.30606,-199.985,0.400187,0.521
464000,1,-5.55307,-201.268,0.823935,0.532
465000,1,-4.30955,-201.477,1.82873,0.544634
466000,3,-9.79472,-201.155,0.91077,0.5345
467000,2,-8.98158,-205.758,0.947222,0.459
468000,1,-6.11594,-203.628,2.90287,0.547
469000,2,-8.07126,-198.867,2.61033,0.539
470000,1,-3.7537,-205.003,0.602527,0.499
471000,1,-4.76859,-204.539,1.78653,0.501
472000,1,-5.04475,-208.561,1.41592,0.486
473000,1,-4.17899,-200.1,1.75005,0.531
474000,1,-2.93481,-200.218,1.06442,0.564818
475000,1,-3.646,-198.45,0.511147,0.535
476000,1,-3.34625,-203.376,1.23476,0.50575
477000,1,-3.0272,-202.218,0.939303,0.46
478000,1,-5.62848,-199.185,0.849277,0.521
479000,2,-6.26519,-204.937,2.21628,0.5195
480000,2,-5.10919,-199.489,0.796002,0.491
481000,1,-5.26223,-204.506,2.58579,0.498625
482000,1,-2.75971,-204.534,0.306764,0.488
483000,1,-4.16921,-199.894,1.14088,0.533
484000,1,-3.08803,-202.568,0.486677,0.508
485000,4,-12.0073,-203.605,2.44206,0.524
486000,1,-4.3546,-202.13,1.09231,0.47
487000,2,-6.33396,-202.867,2.6738,0.517
488000,2,-4.44266,-201.748,0.970006,0.475
489000,1,-2.2852,-198.305,0.0588638,0.496
490000,1,-3.1117,-200.798,0.875252,0.522
491000,2,-4.82305,-196.518,1.06224,0.523444
492000,2,-7.22453,-200.57,1.49269,0.577
493000,1,-3.32008,-199.274,1.17826,0.524
494000,1,-6.9687,-201.102,0.847256,0.503
495000,1,-7.60731,-206.744,0.749215,0.5148
496000,1,-4.00362,-203.167,0.85551,0.497
497000,1,-6.87542,-204.057,0.771186,0.46
498000,2,-5.75132,-201.673,1.39078,0.527
499000,1,-4.85005,-212.528,1.57651,0.504
500000,1,-4.04067,-200.653,0.798753,0.456
501000,1,-2.56462,-199.71,0.326408,0.483
502000,4,-15.7933,-196.437,2.64772,0.543571
503000,2,-7.42297,-202.461,0.785385,0.582
504000,1,-3.35236,-198.8,1.05843,0.522938
505000,1,-3.96798,-201.486,1.4799,0.487
506000,1,-5.23288,-205.328,0.588201,0.453
507000,2,-5.42513,-199.609,1.83942,0.556
508000,3,-9.16118,-198.941,2.08108,0.561857
509000,2,-5.60244,-199.446,1.34242,0.504
510000,2,-7.63494,-202.649,1.97452,0.46
511000,1,-3.9636,-204.351,0.396396,0.537
512000,1,-2.99619,-203.65,1.22248,0.449
513000,1,-2.17422,-200.803,0.442798,0.472
514000,1,-3.29777,-204.551,0.314115,0.475
515000,1,-3.96903,-198.616,1.22667,0.478
516000,1,-2.6996,-203.685,0.524956,0.5157
517000,2,-5.48633,-202.331,0.737716,0.522818
518000,1,-2.58098,-202.22,0.666048,0.527
519000,1,-3.7865,-203.334,0.920229,0.485
520000,1,-2.94532,-202.137,1.10344,0.475
521000,1,-6.47679,-200.459,0.714027,0.506
522000,1,-2.93677,-201.38,0.199496,0.473
523000,1,-3.02015,-201.648,0.978152,0.482
524000,1,-2.15911,-201.383,0.311425,0.481
525000,1,-3.00249,-206.214,1.07081,0.516889
526000,2,-5.03909,-200.805,0.903625,0.547
527000,1,-2.9574,-201.818,0.305271,0.449
528000,1,-2.79583,-200.393,0.192924,0.518
529000,2,-5.15,-201.008,0.414024,0.512
530000,1,-5.27513,-198.608,0.326089,0.503
531000,1,-4.3993,-204.005,1.06467,0.444
532000,1,-2.81233,-198.529,0.10994,0.461
533000,3,-9.56104,-196.794,2.60901,0.543115
534000,2,-9.71463,-198.983,4.1295,0.561
535000,1,-4.19752,-198.999,0.866896,0.52
536000,2,-7.75296,-203.582,1.87249,0.483
537000,1,-3.58778,-200.506,1.6222,0.502
538000,1,-4.04599,-201.611,0.458059,0.512
539000,1,-2.9994,-200.427,0.110273,0.441
540000,1,-3.08635,-201.854,0.355369,0.47
541000,1,-5.67002,-210.855,0.913689,0.530769
542000,1,-3.56607,-201.484,0.0266576,0.447
543000,1,-3.65497,-200.707,0.919592,0.505867
544000,2,-6.62519,-203.219,1.31263,0.484
545000,2,-7.29171,-199.445,3.6447,0.522
546000,1,-2.07956,-201.711,0.211105,0.521
547000,2,-10.5624,-201.901,1.59541,0.539
548000,1,-2.04509,-200.197,0.260619,0.468
549000,1,-3.07195,-198.893,1.22277,0.579
550000,2,-8.13476,-199.452,0.273904,0.552286
551000,3,-9.48121,-195.789,0.917379,0.525
552000,2,-6.3326,-195.56,1.11471,0.501
553000,1,-6.71548,-201.603,0.64762,0.474
554000,2,-5.66032,-196.941,0.488494,0.5356
555000,1,-3.51762,-200.621,0.776429,0.5422
556000,1,-4.09944,-204.687,0.86096,0.447
557000,2,-10.3522,-203.469,2.3098,0.512
558000,1,-3.74872,-200.31,1.013,0.5
559000,2,-5.45306,-206.598,1.52225,0.528185
560000,2,-5.10345,-201.696,0.920262,0.492
561000,1,-3.39031,-201.938,0.620694,0.493
562000,1,-5.7308,-199.563,1.44245,0.46
563000,1,-4.59754,-201.714,1.86565,0.532667
564000,1,-5.20476,-201.224,0.566107,0.5225
565000,1,-4.62229,-199.529,1.95551,0.492
566000,1,-5.19664,-199.465,2.22969,0.473
567000,1,-3.14109,-198.861,0.739324,0.497
568000,1,-4.00677,-204.675,1.90649,0.512
569000,3,-13.5099,-195.462,4.68685,0.526
570000,3,-5.91507,-203.858,0.694227,0.549167
571000,1,-6.002,-199.753,3.35513,0.512
572000,1,-2.84489,-199.609,0.31263,0.508
573000,5,-16.2629,-199.899,1.45588,0.520143
574000,3,-7.35446,-199.036,1.8988,0.582
575000,1,-4.84499,-199.824,0.903228,0.517333
576000,2,-6.93934,-196.984,2.18864,0.522
577000,2,-6.54407,-196.717,0.854963,0.49
578000,1,-3.58042,-201.059,0.255338,0.485
579000,1,-6.57158,-200.872,1.22367,0.425
580000,2,-5.79676,-197.083,0.885718,0.5122
581000,3,-7.49297,-199.631,1.85177,0.523
582000,1,-3.60705,-200.712,0.904581,0.496
583000,1,-2.56287,-199.426,0.389506,0.46
584000,1,-9.37006,-207.648,0.547511,0.564667
585000,2,-6.14975,-199.949,1.96027,0.561
586000,1,-2.56275,-205.566,0.370436,0.5995
587000,1,-2.23617,-200.883,0.47457,0.51
588000,1,-7.23585,-200.582,4.58018,0.476
589000,3,-7.45804,-200.682,1.71521,0.522765
590000,1,-3.84563,-200.5,1.90697,0.559
591000,1,-3.1391,-199.537,1.02998,0.501
592000,1,-2.69261,-198.166,0.935812,0.487
593000,2,-4.16111,-203.673,0.341621,0.53325
594000,1,-4.20838,-198.323,2.34796,0.5
595000,1,-4.43672,-203.493,1.85931,0.475
596000,1,-4.16845,-203.52,0.567077,0.445
597000,1,-4.23749,-205.471,1.90861,0.475
598000,2,-4.75897,-200.473,1.88382,0.516
599000,1,-4.47373,-201.959,1.46574,0.531
600000,1,-4.58604,-200.843,1.21971,0.509
601000,2,-6.14772,-200.225,1.4901,0.535462
602000,1,-3.20037,-200.886,1.28112,0.533949
603000,3,-11.3685,-203.262,1.82334,0.514
604000,3,-8.93136,-204.112,3.35228,0.499
605000,1,-3.44999,-198.517,1.50454,0.549
606000,1,-2.95306,-200.209,0.962677,0.518
607000,1,-3.33874,-201.2,1.19264,0.5
608000,2,-5.59497,-199.51,0.609178,0.536714
609000,1,-6.26117,-200.562,0.995173,0.467
610000,1,-3.58268,-201.419,0.935993,0.475
611000,1,-5.72909,-200.468,0.326641,0.433
612000,2,-7.61066,-204.731,0.86465,0.531368
613000,2,-9.41416,-201.85,1.74876,0.49
614000,1,-3.22503,-202.447,0.912145,0.506
615000,1,-3.32409,-199.408,0.95863,0.509
616000,3,-6.97783,-200.153,2.36766,0.46
617000,1,-2.78722,-200.557,0.952161,0.514
618000,1,-4.46128,-202.242,1.58802,0.504
619000,2,-4.91915,-199.529,0.71417,0.498
620000,1,-3.33075,-205.319,0.484173,0.520889
621000,1,-3.72948,-201.864,1.10845,0.5055
622000,1,-3.95456,-200.415,1.28355,0.45
623000,2,-7.76091,-198.928,2.80335,0.519
624000,1,-4.12586,-200.305,1.19512,0.484
625000,1,-3.1876,-202.989,0.795479,0.51756
626000,2,-8.71943,-202.234,1.80596,0.496
627000,3,-7.68996,-199.512,2.82262,0.538
628000,1,-4.5427,-203.467,0.1859,0.53
629000,1,-3.21251,-201.906,0.923502,0.47
630000,1,-2.53068,-202.126,0.123743,0.476
631000,2,-5.88661,-200.082,1.52041,0.516
632000,1,-4.18187,-203.304,1.24551,0.496
633000,1,-4.00372,-200.644,0.769581,0.489
634000,2,-10.2559,-202.75,1.15968,0.517037
635000,1,-5.52069,-199.979,2.0544,0.498636
636000,1,-2.95551,-206.534,0.289415,0.477
637000,1,-7.06505,-199.743,3.42698,0.508
638000,2,-10.9099,-199.986,1.1136,0.507
639000,1,-3.95704,-199.333,1.42387,0.448
640000,1,-3.84795,-200.557,0.726782,0.511111
641000,1,-3.82254,-200.246,0.990064,0.446
642000,2,-5.03498,-200.41,0.603817,0.541
643000,1,-3.42763,-200.855,0.318887,0.532
644000,1,-3.36338,-199.965,1.03544,0.472
645000,1,-3.72761,-198.428,0.399014,0.482
646000,1,-3.58319,-201.674,1.3758,0.465
647000,2,-7.02739,-201.271,1.11417,0.489
648000,1,-4.67346,-200.909,1.01177,0.529571
649000,2,-4.90919,-199.22,2.00806,0.496
650000,1,-2.35043,-204.071,0.301597,0.524
651000,2,-5.22702,-199.982,2.05968,0.551
652000,2,-6.73527,-205.362,1.99551,0.508
653000,2,-7.56886,-201.289,1.38858,0.526667
654000,1,-4.05329,-203.813,1.89516,0.55
655000,1,-2.62487,-200.686,0.28104,0.478
656000,1,-2.98716,-202.691,1.03257,0.5425
657000,1,-2.56958,-199.245,0.197013,0.492
658000,2,-8.09563,-202.499,1.75764,0.514
659000,2,-5.1829,-198.999,1.29899,0.47896
660000,2,-10.2672,-199.786,2.28936,0.511
661000,2,-6.01573,-199.737,2.44512,0.567
662000,1,-3.18897,-205.222,0.965961,0.487
663000,1,-3.86259,-199.589,1.62068,0.478
664000,1,-4.44814,-198.73,1.11931,0.459
665000,1,-5.73398,-203.162,2.0228,0.526781
666000,1,-2.60997,-202.063,0.346092,0.513875
667000,2,-7.29581,-200.359,1.58944,0.45
668000,3,-12.7674,-197.232,1.26637,0.493667
669000,1,-3.13938,-200.656,0.40385,0.508
670000,2,-8.33366,-203.093,1.46538,0.500667
671000,1,-2.56592,-200.419,0.378312,0.444
672000,1,-4.7487,-199.081,2.34904,0.487
673000,2,-4.99559,-204.925,1.57978,0.465
674000,1,-3.76614,-203.632,1.712,0.512
675000,1,-3.69222,-203.056,0.211082,0.502833
676000,3,-8.21292,-197.49,3.98862,0.541556
677000,3,-7.78323,-199.215,1.95867,0.489
678000,2,-8.14245,-200.053,2.29961,0.509667
679000,1,-3.00976,-198.413,1.08581,0.481
680000,1,-1.98214,-199.394,0.165467,0.491
681000,2,-4.33521,-207.717,0.50386,0.475
682000,1,-3.05453,-199.166,1.35645,0.489
683000,2,-5.52624,-200.99,0.449822,0.486
684000,1,-6.50645,-199.04,2.70742,0.513571
685000,1,-3.30476,-203.552,0.527163,0.48
686000,2,-5.57523,-205.843,1.69813,0.498
687000,1,-2.94815,-199.566,0.556434,0.498
688000,1,-2.78528,-202.623,0.605368,0.527385
689000,3,-6.84286,-200.226,1.13598,0.505
690000,3,-8.95278,-203.398,1.48281,0.567
691000,2,-4.29422,-199.334,0.588469,0.541
692000,1,-2.088,-201.488,0.295452,0.529
693000,1,-3.50595,-199.904,1.25757,0.469
694000,1,-3.14483,-199.4,1.08325,0.552286
695000,1,-3.59759,-199.503,1.1612,0.549
696000,1,-2.80113,-200.526,0.784348,0.518385
697000,1,-4.27866,-207.656,0.888028,0.470667
698000,1,-5.83825,-200.934,1.8255,0.399
699000,2,-7.2285,-202.143,1.05348,0.52025
700000,2,-10.0867,-203.98,2.28942,0.506
701000,1,-3.93364,-201.181,1.00103,0.524667
702000,1,-5.2628,-205.138,1.6068,0.495
703000,1,-3.68055,-202.767,0.363759,0.518
704000,1,-4.92231,-199.828,2.23216,0.472
705000,1,-3.44886,-200.487,0.413517,0.538
706000,1,-3.90873,-203.461,0.825172,0.473
707000,1,-3.92493,-203.06,1.45521,0.534
708000,1,-4.43614,-200.437,1.72559,0.498
709000,2,-7.57247,-204.706,0.220671,0.488
710000,1,-4.10404,-203.288,0.656796,0.546889
711000,1,-4.49474,-200.112,1.83935,0.476
712000,2,-7.25022,-205.136,1.30958,0.484
713000,1,-2.47152,-201.878,0.0605291,0.417
714000,1,-2.83924,-201.985,0.339706,0.465
715000,1,-4.19324,-201.458,1.23199,0.473
716000,2,-7.04356,-201.725,1.93296,0.514
717000,1,-3.33311,-205.755,0.903995,0.509
718000,1,-2.5311,-200.108,0.391019,0.487
719000,1,-5.23522,-201.185,2.50179,0.467
720000,1,-2.49415,-206.163,0.565799,0.466
721000,1,-4.3114,-200.89,0.918363,0.526
722000,2,-7.18304,-201.508,1.52316,0.492
723000,2,-5.53228,-200.841,1.36768,0.532438
724000,1,-4.4508,-204.886,0.824507,0.4985
725000,2,-4.16522,-198.97,0.710056,0.52536
726000,4,-12.5937,-200.191,2.09039,0.53
727000,3,-8.26472,-201.574,1.24329,0.539
728000,1,-2.6553,-199.279,0.300439,0.536
729000,1,-2.74302,-198.19,0.334823,0.532
730000,1,-3.37666,-201.164,1.14888,0.521
731000,1,-2.92896,-200.959,0.440802,0.489
732000,1,-2.8289,-198.421,0.34182,0.458
733000,3,-9.38077,-201.986,2.98075,0.521
734000,2,-7.04142,-201.662,2.31819,0.573
735000,1,-4.16127,-207.75,1.66312,0.496
736000,1,-4.28635,-200.329,1.37758,0.488
737000,2,-6.77665,-200.521,2.84959,0.555964
738000,2,-5.56675,-200.024,1.39573,0.522
739000,2,-4.5203,-201.454,1.52728,0.522
740000,2,-7.01866,-202.061,1.28283,0.50975
741000,1,-2.84714,-201.149,0.153045,0.512
742000,1,-2.95157,-201.593,1.00044,0.48
743000,1,-2.32355,-201.14,0.260893,0.558737
744000,1,-3.69118,-199.398,0.964662,0.501
745000,1,-2.55995,-203.209,0.734046,0.528
746000,1,-3.84333,-199.791,1.18868,0.525
747000,1,-4.94212,-201.346,2.31299,0.506
748000,1,-3.6337,-200.489,0.78588,0.458
749000,1,-2.64846,-199.468,0.258262,0.451
750000,1,-2.62323,-201.792,0.602802,0.441
751000,1,-4.28091,-204.444,1.13019,0.491
752000,1,-3.848,-203.715,1.02129,0.49
753000,1,-5.09445,-199.658,2.17411,0.511
754000,1,-3.20557,-200.23,0.610879,0.485
755000,1,-3.55118,-200.326,0.736958,0.539
756000,2,-7.19611,-202.725,1.84502,0.527214
757000,2,-4.75462,-204.867,1.07468,0.487
758000,1,-6.13766,-200.416,1.21257,0.489
759000,1,-4.2906,-202.637,1.86568,0.497
760000,1,-4.06025,-201.944,0.415569,0.468
761000,2,-6.09358,-201.997,1.03984,0.479
762000,1,-3.39613,-200.632,1.21093,0.492
763000,1,-6.40197,-201.192,3.69684,0.457
764000,1,-5.18507,-200.082,3.33483,0.53236
765000,1,-2.09511,-201.678,0.249109,0.535636
766000,1,-2.47163,-201.548,0.223321,0.503
767000,1,-2.78784,-203.066,0.445407,0.515
768000,1,-3.23557,-202.171,0.490561,0.452
769000,1,-2.88732,-200.436,0.85725,0.499
770000,1,-2.28331,-201.751,0.0922356,0.473
771000,1,-3.74517,-202.885,0.641509,0.546813
772000,2,-8.01583,-204.413,0.294957,0.4795
773000,1,-2.57705,-197.835,0.439161,0.48
774000,2,-7.64093,-203.63,1.05971,0.520667
775000,2,-8.73808,-203.122,0.371286,0.521
776000,2,-5.69263,-199.528,0.685443,0.504077
777000,1,-3.68044,-202.928,0.460793,0.54
778000,1,-3.90301,-199.827,0.977286,0.477
779000,1,-2.68431,-199.606,0.510027,0.5322
780000,1,-3.79471,-202.941,0.553464,0.546
781000,1,-3.23497,-198.838,0.756202,0.507
782000,1,-4.30488,-205.127,0.807252,0.541
783000,1,-2.77878,-200.942,0.237917,0.473
784000,1,-2.52389,-198.485,0.278633,0.464
785000,1,-4.23044,-198.886,2.00636,0.502
786000,1,-4.4983,-201.465,1.71116,0.527
787000,1,-2.94623,-200.899,1.16943,0.488
788000,1,-2.63637,-199.969,0.67337,0.471
789000,1,-3.59901,-205.272,1.29747,0.504375
790000,1,-2.40165,-203.296,0.489391,0.474
791000,1,-2.3708,-200.329,0.0902728,0.518
792000,2,-5.82783,-201.597,0.445909,0.553765
793000,1,-3.11106,-203.811,1.01269,0.518
794000,1,-3.23393,-199.711,0.811116,0.493
795000,1,-3.0627,-199.9,1.1162,0.529667
796000,1,-10.0799,-199.904,1.22725,0.514
797000,1,-4.70939,-203.582,1.67002,0.554111
798000,1,-3.76516,-205.929,0.603062,0.605857
799000,1,-2.58831,-204.534,0.36816,0.493
800000,1,-3.49286,-198.694,0.952982,0.54
801000,1,-6.74431,-200.786,2.04379,0.4936
802000,1,-3.64634,-201.731,0.304353,0.4735
803000,1,-5.76635,-199.613,2.59602,0.48
804000,1,-4.10995,-202.574,0.52115,0.487
805000,1,-3.11923,-205.22,0.419173,0.45
806000,1,-5.72324,-199.063,1.02454,0.49
807000,1,-2.86573,-199.605,1.12382,0.506308
808000,2,-9.34856,-202.777,1.98467,0.461
809000,2,-5.10134,-201.8,1.15756,0.507667
810000,1,-4.53456,-204.903,1.70359,0.507
811000,4,-11.5823,-200.313,2.17171,0.554
812000,1,-4.34701,-199.298,0.813453,0.573
813000,1,-4.09244,-205.737,0.53175,0.542083
814000,1,-2.85061,-198.288,0.73173,0.517
815000,1,-4.28001,-199.108,1.25799,0.464
816000,2,-5.8055,-203.888,0.997312,0.519
817000,1,-3.53701,-200.148,1.31529,0.496
818000,1,-3.91353,-202.828,0.744119,0.435
819000,1,-3.75046,-199.645,1.71627,0.524
820000,1,-4.14169,-199.531,1.25183,0.462
821000,1,-3.03677,-202.339,0.995095,0.501
822000,1,-3.54827,-200.346,1.59118,0.53336
823000,1,-3.21541,-206.954,1.25419,0.508
824000,2,-5.6547,-203.402,1.00046,0.510167
825000,2,-10.1454,-205.524,3.03417,0.524
826000,2,-5.26504,-201.794,1.39427,0.475
827000,1,-4.70985,-202.738,1.17075,0.472
828000,1,-5.60847,-200.668,1.99284,0.478
829000,2,-11.9617,-203.004,3.29357,0.515
830000,2,-5.48684,-199.276,1.15201,0.53
831000,1,-3.71003,-200.115,0.9235,0.513
832000,1,-3.37429,-199.841,0.851802,0.433
833000,1,-3.99618,-200.197,1.66265,0.5012
834000,1,-4.8448,-206.948,0.833998,0.505
835000,1,-3.70467,-201.784,0.441324,0.530407
836000,1,-5.342,-201.261,3.40499,0.522
837000,1,-2.52223,-201.262,0.525358,0.524
838000,2,-4.72773,-206.278,0.545464,0.496
839000,2,-5.47555,-200.09,1.75408,0.511
840000,1,-4.26359,-201.667,1.91845,0.482
841000,1,-4.68608,-205.224,2.49047,0.503
842000,1,-3.85003,-202.039,1.79441,0.475
843000,2,-9.20217,-202.067,1.68918,0.528682
844000,1,-5.10144,-201.941,1.89923,0.541222
845000,2,-8.64936,-201.021,2.68409,0.501
846000,1,-2.93096,-200.919,1.09251,0.513
847000,4,-14.7878,-198.18,2.80374,0.547
848000,2,-6.24751,-200.198,1.00774,0.518687
849000,4,-15.9915,-199.534,3.50467,0.549
850000,1,-2.60138,-198.256,0.400687,0.589
851000,1,-4.05838,-202.842,1.14914,0.527333
852000,2,-7.01454,-200.691,0.639154,0.5365
853000,2,-6.85836,-199.142,2.55497,0.51
854000,3,-7.84704,-199.363,2.02513,0.551
855000,1,-4.67092,-202.031,1.18089,0.534
856000,1,-3.43386,-200.037,0.370417,0.469
857000,7,-17.1954,-206.699,2.99943,0.574133
858000,6,-20.2723,-202.41,4.84428,0.569
859000,2,-5.54866,-198.924,2.33665,0.571
860000,1,-4.99443,-200.955,2.87538,0.559
861000,2,-5.15837,-200.714,0.849453,0.476
862000,2,-5.94278,-198.511,1.59785,0.549
863000,1,-6.231,-203.403,0.538442,0.553
864000,3,-11.8002,-200.677,3.96287,0.5672
865000,2,-4.31949,-201.396,0.265301,0.559333
866000,1,-3.85774,-202.655,1.39115,0.534
867000,1,-3.94064,-203.886,0.335303,0.55
868000,1,-2.83662,-206.096,0.619122,0.561095
869000,1,-3.81396,-199.427,0.601529,0.486
870000,1,-4.09519,-201.091,0.863711,0.528
871000,1,-2.49835,-200.453,0.0838211,0.496
872000,3,-10.8737,-202.52,2.7447,0.537
873000,1,-3.38689,-200.314,0.698507,0.509
874000,2,-8.74766,-202.018,1.09806,0.514
875000,2,-7.88494,-200.926,3.06436,0.519
876000,1,-5.63164,-201.442,1.30907,0.538
877000,1,-3.48787,-199.028,1.8247,0.472
878000,3,-10.3315,-200.954,2.27062,0.543
879000,3,-9.96125,-199.273,3.46989,0.521133
880000,3,-15.4123,-205.609,0.964573,0.5385
881000,1,-3.1137,-198.741,0.596541,0.559
882000,1,-3.78761,-203.042,1.59259,0.471
883000,1,-4.06739,-198.769,2.05398,0.492
884000,1,-4.49666,-200.134,1.58964,0.452
885000,1,-2.41328,-198.682,0.39499,0.484
886000,1,-4.55126,-200.202,1.48563,0.538565
887000,1,-4.03957,-201.409,1.38698,0.492
888000,1,-3.86115,-200.096,1.13109,0.497
889000,1,-3.12771,-209.919,0.499936,0.445
890000,2,-4.97693,-198.857,1.86765,0.502
891000,1,-4.3904,-202.434,1.51162,0.536
892000,2,-6.98854,-199.548,2.24572,0.478
893000,1,-3.5605,-201.438,0.295979,0.485
894000,1,-3.20428,-199.047,0.37221,0.472
895000,1,-2.88535,-200.77,0.61703,0.550813
896000,2,-9.4642,-201.98,3.43442,0.533727
897000,1,-2.44107,-198.909,0.307655,0.534
898000,1,-3.35991,-203.075,0.337059,0.496
899000,1,-1.81534,-201.325,0.0749775,0.479
900000,2,-5.29418,-203.421,1.36313,0.524304
901000,1,-3.38504,-200.327,1.09233,0.516
902000,1,-4.28303,-200.881,2.2586,0.503
903000,1,-4.38219,-202.201,0.312082,0.442
904000,1,-3.54149,-202.981,1.88674,0.506
905000,1,-5.1309,-202.373,2.81162,0.526818
906000,3,-10.2858,-196.571,5.41163,0.557
907000,1,-2.73686,-200.644,0.635612,0.524875
908000,2,-3.43828,-200.692,0.346016,0.495
909000,3,-8.46979,-198.642,3.28557,0.51
910000,2,-4.87856,-202.15,0.602631,0.552
911000,2,-6.61957,-200.809,1.2877,0.547
912000,2,-8.99495,-197.129,1.10871,0.544294
913000,1,-4.48477,-203.14,1.1603,0.585222
914000,2,-5.2151,-199.409,2.47117,0.54
915000,1,-4.45703,-202.109,1.44106,0.5385
916000,2,-7.86154,-205.277,0.941636,0.50025
917000,1,-6.85879,-200.507,1.78122,0.530727
918000,1,-4.60452,-201.57,1.75587,0.462
919000,1,-3.31257,-199.353,0.847205,0.549
920000,2,-3.14428,-201.506,0.503858,0.547
921000,1,-2.51115,-199.619,0.596715,0.518
922000,1,-3.51015,-208.139,0.594218,0.462
923000,2,-8.12562,-201.283,1.16754,0.468
924000,2,-5.35387,-201.269,0.420181,0.504375
925000,2,-5.28662,-202.263,0.879283,0.524
926000,1,-2.76671,-201.541,0.216159,0.49
927000,1,-3.70128,-201.617,1.50097,0.459
928000,1,-3.35947,-201.467,0.466564,0.415
929000,1,-6.21663,-200.965,1.4121,0.461
930000,1,-3.45319,-199.256,0.896999,0.546
931000,1,-3.15366,-201.151,0.550839,0.463
932000,1,-8.23361,-200.382,0.390939,0.515
933000,1,-2.11857,-198.346,0.267709,0.523
934000,2,-3.5672,-198.045,0.772719,0.521368
935000,1,-3.06879,-200.362,0.905641,0.5
936000,1,-3.99856,-199.005,1.88967,0.524538
937000,1,-5.02934,-199.563,1.40497,0.540043
938000,1,-2.49445,-201.612,0.114561,0.496
939000,1,-4.16917,-202.533,0.355822,0.522
940000,1,-3.67019,-200.454,0.88012,0.457
941000,1,-5.4153,-201.669,2.2581,0.50475
942000,2,-8.14742,-206.565,2.13776,0.49
943000,1,-2.87618,-199.327,1.04446,0.489
944000,1,-3.2593,-202.177,0.687166,0.49
945000,2,-7.08215,-198.644,2.41145,0.473
946000,1,-3.70327,-202.036,1.00734,0.491
947000,1,-3.75892,-200.387,0.613815,0.506909
948000,1,-2.17274,-199.687,0.204653,0.483
949000,1,-5.37638,-199.992,0.67734,0.492
950000,1,-5.23867,-203.453,0.930119,0.458
951000,1,-5.03796,-199.524,1.66323,0.456
952000,1,-2.94991,-203.136,1.05819,0.484
953000,2,-7.60459,-197.367,2.32135,0.489
954000,1,-5.17449,-203.95,1.88314,0.526857
955000,1,-2.69857,-200.341,0.378505,0.443
956000,2,-6.18874,-199.673,2.48926,0.506
957000,1,-2.97464,-199.624,0.528777,0.51275
958000,2,-4.54835,-203.838,1.10826,0.516
959000,1,-4.53817,-202.093,2.73871,0.523154
960000,2,-6.94693,-200.354,1.95255,0.53532
961000,1,-5.04538,-200.489,2.02955,0.519
962000,1,-2.6277,-200.108,0.494416,0.48
963000,1,-3.02601,-199.375,1.15497,0.543333
964000,2,-7.93941,-199.693,2.8417,0.546
965000,1,-2.90404,-197.88,1.05763,0.47
966000,1,-3.18009,-200.5,1.12652,0.492
967000,1,-3.81679,-199.859,1.43006,0.4914
968000,1,-3.33853,-201.729,1.24547,0.483
969000,1,-4.10924,-200.185,1.72502,0.464
970000,2,-6.7207,-195.419,1.65764,0.501
971000,2,-5.884,-204.293,1.46505,0.5
972000,1,-6.93518,-200.529,1.28325,0.5114
973000,3,-10.5529,-200.371,0.813303,0.493
974000,2,-6.88366,-200.281,1.42014,0.563167
975000,1,-2.5866,-200.722,0.691326,0.49
976000,2,-8.27888,-201.371,2.29684,0.521
977000,1,-2.73181,-199.671,0.583362,0.445
978000,2,-3.87799,-201.888,0.499666,0.526842
979000,1,-3.76717,-198.766,1.83298,0.54
980000,1,-3.32216,-199.08,0.835802,0.484
981000,1,-3.26586,-201.493,1.50556,0.548
982000,2,-7.86167,-204.307,3.04825,0.548571
983000,1,-5.60778,-201.161,2.9121,0.489
984000,1,-4.63833,-200.516,1.62383,0.468
985000,1,-2.7915,-202.507,0.423497,0.493
986000,1,-3.35269,-200.966,0.836968,0.48
987000,3,-8.64727,-206.045,2.59525,0.581
988000,1,-3.72578,-205.223,1.15766,0.498
989000,1,-5.77899,-204.542,0.700051,0.524412
990000,1,-2.81249,-200.769,0.932931,0.5175
991000,1,-4.5708,-200.596,0.890811,0.513
992000,2,-5.81772,-201.55,1.78518,0.475333
993000,1,-3.50485,-201.719,0.783931,0.537
994000,1,-2.60461,-199.303,0.127264,0.502
995000,2,-6.64595,-200.32,1.41984,0.523
996000,2,-7.00674,-201.35,1.64984,0.5265
997000,1,-3.86872,-204.452,1.7195,0.501
998000,1,-5.69188,-199.498,2.97272,0.5275
999000,1,-3.27994,-202.626,0.537714,0.53675
