generation,rank_1,rank_2,swapAccepted
1000,1,4,1
2000,2,3,1
3000,1,2,1
4000,1,2,1
5000,3,4,1
6000,2,3,1
7000,1,4,1
8000,2,4,1
9000,1,3,0
10000,3,4,1
11000,1,4,1
12000,2,3,1
13000,2,4,1
14000,3,4,1
15000,1,2,1
16000,2,4,0
17000,1,4,0
18000,1,4,0
19000,3,4,1
20000,2,4,1
21000,1,2,1
22000,1,3,1
23000,1,3,1
24000,1,3,1
25000,2,3,1
26000,1,2,1
27000,1,2,1
28000,3,4,1
29000,1,4,0
30000,1,2,1
31000,3,4,1
32000,1,4,0
33000,1,3,0
34000,2,4,1
35000,2,4,1
36000,1,3,1
37000,2,4,1
38000,1,4,1
39000,3,4,0
40000,1,3,1
41000,2,3,1
42000,3,4,1
43000,1,3,0
44000,2,4,1
45000,1,4,1
46000,1,3,0
47000,2,4,1
48000,2,4,1
49000,2,3,1
50000,2,4,1
51000,1,4,0
52000,2,4,0
53000,1,3,0
54000,2,4,0
55000,1,4,0
56000,1,3,1
57000,3,4,0
58000,1,3,1
59000,3,4,0
60000,1,3,1
61000,1,2,1
62000,1,2,1
63000,1,2,1
64000,2,4,0
65000,2,3,1
66000,3,4,0
67000,2,4,1
68000,1,2,0
69000,2,3,1
70000,1,4,1
71000,3,4,1
72000,2,3,1
73000,1,2,1
74000,1,4,0
75000,2,3,1
76000,3,4,1
77000,1,2,1
78000,2,4,1
79000,1,2,1
80000,1,3,1
81000,1,3,1
82000,1,4,1
83000,1,3,1
84000,1,2,1
85000,2,4,1
86000,1,3,0
87000,1,4,0
88000,1,4,0
89000,1,2,0
90000,2,3,1
91000,3,4,1
92000,1,2,1
93000,2,3,0
94000,1,2,1
95000,1,4,0
96000,1,3,1
97000,3,4,1
98000,2,3,1
99000,1,3,1
100000,1,2,1
101000,1,3,1
102000,1,4,1
103000,1,4,1
104000,1,4,0
105000,2,3,1
106000,2,3,0
107000,3,4,1
108000,2,3,1
109000,1,4,1
110000,1,3,1
111000,2,4,1
112000,1,3,1
113000,1,3,1
114000,1,4,1
115000,1,2,1
116000,1,4,0
117000,1,2,1
118000,3,4,1
119000,2,3,1
120000,1,3,1
121000,2,3,1
122000,2,4,1
123000,2,4,1
124000,3,4,1
125000,2,3,1
126000,1,2,0
127000,1,4,0
128000,1,2,1
129000,1,3,1
130000,1,4,0
131000,1,2,1
132000,3,4,1
133000,1,2,1
134000,2,3,1
135000,1,4,0
136000,2,4,1
137000,2,3,1
138000,2,4,0
139000,2,4,1
140000,3,4,1
141000,2,3,1
142000,2,3,1
143000,3,4,1
144000,1,4,1
145000,1,2,1
146000,2,4,1
147000,3,4,1
148000,2,4,0
149000,3,4,1
150000,1,3,1
151000,2,4,1
152000,2,3,0
153000,2,4,1
154000,3,4,1
155000,2,3,0
156000,2,3,1
157000,1,2,1
158000,2,3,1
159000,1,4,0
160000,2,3,0
161000,3,4,1
162000,2,3,1
163000,1,4,0
164000,3,4,1
165000,2,4,1
166000,1,2,1
167000,3,4,1
168000,1,4,0
169000,1,3,1
170000,2,3,1
171000,1,3,1
172000,3,4,1
173000,2,4,1
174000,3,4,1
175000,2,3,1
176000,1,3,0
177000,1,4,0
178000,1,2,1
179000,3,4,1
180000,1,3,0
181000,1,4,1
182000,1,4,1
183000,1,2,0
184000,1,2,1
185000,3,4,1
186000,3,4,1
187000,2,3,1
188000,3,4,1
189000,1,2,1
190000,1,2,1
191000,1,3,0
192000,2,4,1
193000,1,2,1
194000,2,3,1
195000,1,4,1
196000,1,2,1
197000,2,3,1
198000,1,3,1
199000,1,2,1
200000,3,4,1
201000,1,4,0
202000,3,4,1
203000,1,3,0
204000,1,4,1
205000,1,3,1
206000,2,3,1
207000,3,4,1
208000,1,2,1
209000,1,2,0
210000,1,3,0
211000,2,3,1
212000,1,3,0
213000,2,3,1
214000,1,4,1
215000,2,3,1
216000,3,4,1
217000,1,3,1
218000,1,3,1
219000,2,3,1
220000,1,4,1
221000,1,3,1
222000,2,3,0
223000,3,4,1
224000,3,4,1
225000,1,4,0
226000,2,3,0
227000,2,4,0
228000,1,4,0
229000,2,4,0
230000,2,3,0
231000,1,3,0
232000,3,4,1
233000,2,4,0
234000,1,2,1
235000,1,3,0
236000,2,3,1
237000,3,4,1
238000,3,4,1
239000,1,4,0
240000,1,4,0
241000,2,3,1
242000,1,2,1
243000,1,3,1
244000,1,3,1
245000,1,4,1
246000,2,3,1
247000,1,2,1
248000,1,2,1
249000,1,2,1
250000,3,4,1
251000,2,3,1
252000,3,4,1
253000,2,4,1
254000,1,4,1
255000,2,4,1
256000,1,4,0
257000,2,3,1
258000,2,3,1
259000,1,4,0
260000,1,4,1
261000,1,4,1
262000,2,3,1
263000,1,4,0
264000,2,4,0
265000,1,4,1
266000,1,4,1
267000,1,4,0
268000,2,3,0
269000,2,3,0
270000,1,2,1
271000,3,4,1
272000,3,4,1
273000,2,4,1
274000,1,3,0
275000,3,4,1
276000,1,4,1
277000,2,3,1
278000,3,4,1
279000,1,3,1
280000,3,4,1
281000,2,4,1
282000,2,4,1
283000,3,4,1
284000,1,3,0
285000,2,4,0
286000,1,2,1
287000,3,4,1
288000,1,4,1
289000,1,2,1
290000,1,3,1
291000,2,4,1
292000,2,4,1
293000,1,2,1
294000,3,4,1
295000,1,2,1
296000,2,4,1
297000,1,3,1
298000,1,3,1
299000,2,4,0
300000,3,4,1
301000,1,4,0
302000,2,3,0
303000,1,4,1
304000,3,4,1
305000,2,3,1
306000,2,3,1
307000,2,4,0
308000,2,3,1
309000,1,3,1
310000,3,4,1
311000,3,4,1
312000,2,3,1
313000,2,4,1
314000,2,4,1
315000,1,2,1
316000,1,4,1
317000,1,4,1
318000,2,4,0
319000,2,4,0
320000,2,3,1
321000,1,2,1
322000,2,4,1
323000,2,3,1
324000,2,4,0
325000,1,2,1
326000,2,4,1
327000,1,4,1
328000,1,2,0
329000,1,4,0
330000,3,4,1
331000,1,2,0
332000,3,4,1
333000,2,4,1
334000,1,2,1
335000,1,3,0
336000,2,4,0
337000,3,4,1
338000,2,3,1
339000,2,3,1
340000,1,4,1
341000,2,4,1
342000,1,2,1
343000,2,4,1
344000,1,2,1
345000,1,3,0
346000,3,4,1
347000,2,4,0
348000,1,3,0
349000,3,4,1
350000,1,4,0
351000,1,2,1
352000,2,3,0
353000,1,3,1
354000,2,4,1
355000,2,4,1
356000,1,2,1
357000,2,3,1
358000,2,3,1
359000,1,4,0
360000,1,2,1
361000,1,2,1
362000,1,4,1
363000,1,3,1
364000,1,4,1
365000,3,4,1
366000,1,2,1
367000,1,2,1
368000,2,4,1
369000,1,3,0
370000,1,4,0
371000,1,3,1
372000,1,3,1
373000,1,4,1
374000,3,4,1
375000,2,3,1
376000,1,4,1
377000,1,3,1
378000,1,3,1
379000,2,3,0
380000,3,4,1
381000,1,3,0
382000,1,3,0
383000,2,3,1
384000,1,2,1
385000,1,3,1
386000,1,2,1
387000,1,2,1
388000,1,2,1
389000,3,4,1
390000,1,2,1
391000,2,4,1
392000,3,4,1
393000,1,3,1
394000,1,4,0
395000,1,2,0
396000,3,4,0
397000,1,2,0
398000,2,4,1
399000,3,4,0
400000,2,4,1
401000,3,4,1
402000,2,3,1
403000,1,2,1
404000,1,2,1
405000,2,4,1
406000,3,4,1
407000,1,2,1
408000,2,3,1
409000,3,4,1
410000,1,3,0
411000,2,4,1
412000,1,3,1
413000,2,3,1
414000,1,4,1
415000,2,3,1
416000,3,4,0
417000,2,4,1
418000,2,4,1
419000,1,3,1
420000,1,3,1
421000,1,4,1
422000,1,2,1
423000,2,4,1
424000,1,4,1
425000,3,4,1
426000,3,4,1
427000,1,4,1
428000,3,4,1
429000,1,3,1
430000,2,3,1
431000,1,2,1
432000,3,4,1
433000,2,3,1
434000,1,2,1
435000,2,4,1
436000,1,3,0
437000,1,3,0
438000,1,4,1
439000,1,4,1
440000,3,4,1
441000,1,3,1
442000,1,4,1
443000,2,3,1
444000,1,3,1
445000,3,4,1
446000,1,2,1
447000,1,4,0
448000,1,3,1
449000,2,3,1
450000,3,4,1
451000,1,4,0
452000,2,3,1
453000,1,2,1
454000,2,4,1
455000,2,4,1
456000,3,4,1
457000,2,4,1
458000,3,4,1
459000,2,4,1
460000,2,3,0
461000,1,3,1
462000,3,4,1
463000,2,4,1
464000,1,4,0
465000,1,2,1
466000,2,3,1
467000,1,4,1
468000,1,2,1
469000,3,4,0
470000,1,2,1
471000,1,4,0
472000,2,4,0
473000,2,3,1
474000,2,4,0
475000,2,3,1
476000,2,4,0
477000,1,4,1
478000,2,4,1
479000,1,4,1
480000,2,4,1
481000,1,4,1
482000,1,2,1
483000,2,3,1
484000,1,2,1
485000,2,3,1
486000,2,3,1
487000,2,3,1
488000,3,4,1
489000,2,3,1
490000,2,3,1
491000,1,2,1
492000,2,4,1
493000,1,2,0
494000,1,2,1
495000,1,2,1
496000,3,4,1
497000,2,3,1
498000,2,3,1
499000,1,3,1
500000,1,3,1
501000,1,4,1
502000,2,3,1
503000,2,4,0
504000,2,3,1
505000,1,2,1
506000,3,4,1
507000,3,4,1
508000,1,2,1
509000,2,3,1
510000,1,2,1
511000,3,4,1
512000,1,2,1
513000,2,4,1
514000,1,2,1
515000,1,3,1
516000,3,4,1
517000,3,4,1
518000,2,4,1
519000,1,2,1
520000,1,4,1
521000,2,3,1
522000,2,4,1
523000,2,3,1
524000,3,4,1
525000,1,4,1
526000,3,4,1
527000,2,3,1
528000,1,3,1
529000,2,3,1
530000,1,4,1
531000,2,3,1
532000,1,4,1
533000,2,3,1
534000,1,2,1
535000,3,4,0
536000,1,4,1
537000,1,3,1
538000,1,2,1
539000,1,2,1
540000,3,4,1
541000,1,4,1
542000,2,4,1
543000,1,4,1
544000,1,3,1
545000,2,3,1
546000,1,3,1
547000,2,3,1
548000,1,2,1
549000,1,3,1
550000,2,3,1
551000,2,4,0
552000,1,2,1
553000,1,3,1
554000,3,4,0
555000,1,4,1
556000,1,3,1
557000,1,2,1
558000,2,3,1
559000,2,4,1
560000,2,3,0
561000,1,4,1
562000,2,4,0
563000,3,4,1
564000,2,4,1
565000,1,4,1
566000,2,4,1
567000,1,2,1
568000,1,2,1
569000,3,4,1
570000,1,4,1
571000,1,3,1
572000,1,4,1
573000,3,4,1
574000,1,2,0
575000,3,4,1
576000,1,2,0
577000,1,4,1
578000,3,4,1
579000,1,2,1
580000,1,3,1
581000,2,3,1
582000,1,2,1
583000,1,4,1
584000,1,2,1
585000,1,3,1
586000,2,3,1
587000,1,4,1
588000,2,4,0
589000,1,2,1
590000,1,3,1
591000,3,4,1
592000,1,3,1
593000,1,3,1
594000,1,2,1
595000,2,3,1
596000,1,2,1
597000,2,4,1
598000,2,4,0
599000,1,4,1
600000,1,2,1
601000,2,3,1
602000,1,3,1
603000,2,3,1
604000,1,2,1
605000,1,2,0
606000,2,4,1
607000,2,3,1
608000,2,3,1
609000,1,2,0
610000,1,2,1
611000,1,2,1
612000,2,4,0
613000,1,4,1
614000,3,4,1
615000,2,4,1
616000,2,3,1
617000,1,3,1
618000,1,3,1
619000,2,4,1
620000,2,3,1
621000,2,3,1
622000,3,4,1
623000,2,3,0
624000,2,3,0
625000,1,2,1
626000,2,3,1
627000,1,3,0
628000,3,4,1
629000,1,3,1
630000,1,3,1
631000,3,4,1
632000,2,4,1
633000,1,2,1
634000,1,4,1
635000,2,4,1
636000,2,3,1
637000,1,4,1
638000,2,4,1
639000,1,4,1
640000,2,3,1
641000,3,4,1
642000,2,3,1
643000,2,3,1
644000,2,3,1
645000,2,4,1
646000,1,4,1
647000,1,4,1
648000,1,4,1
649000,1,3,1
650000,1,4,1
651000,2,3,1
652000,1,3,0
653000,1,3,1
654000,2,4,0
655000,1,2,1
656000,1,2,1
657000,1,2,1
658000,1,3,1
659000,1,2,1
660000,1,3,1
661000,2,3,1
662000,1,4,1
663000,2,4,1
664000,2,3,1
665000,1,2,1
666000,2,4,1
667000,1,3,1
668000,2,3,1
669000,2,4,1
670000,1,2,1
671000,2,4,0
672000,2,4,1
673000,1,2,1
674000,2,4,0
675000,1,4,0
676000,2,4,1
677000,2,3,1
678000,1,2,1
679000,1,4,1
680000,1,3,1
681000,3,4,1
682000,1,3,0
683000,2,3,1
684000,1,4,0
685000,1,2,1
686000,2,3,1
687000,2,3,1
688000,1,3,1
689000,1,2,1
690000,1,4,1
691000,3,4,1
692000,1,2,1
693000,1,4,1
694000,3,4,1
695000,2,3,1
696000,1,2,1
697000,1,3,1
698000,2,3,1
699000,3,4,1
700000,2,4,1
701000,3,4,1
702000,1,2,0
703000,1,4,1
704000,2,3,1
705000,3,4,1
706000,2,4,1
707000,1,2,1
708000,1,2,1
709000,1,2,1
710000,2,3,1
711000,1,2,1
712000,1,3,1
713000,1,2,0
714000,2,4,1
715000,1,2,1
716000,2,3,1
717000,1,2,1
718000,1,3,1
719000,2,3,1
720000,2,3,1
721000,1,3,1
722000,1,2,1
723000,1,3,1
724000,1,3,1
725000,3,4,1
726000,2,4,1
727000,3,4,1
728000,1,3,0
729000,2,4,0
730000,1,4,1
731000,3,4,1
732000,3,4,1
733000,3,4,1
734000,2,3,1
735000,3,4,1
736000,1,3,1
737000,1,3,1
738000,1,2,1
739000,1,4,1
740000,2,3,1
741000,3,4,1
742000,1,3,1
743000,1,4,0
744000,3,4,1
745000,2,4,1
746000,1,4,1
747000,2,4,1
748000,3,4,1
749000,1,3,1
750000,3,4,1
751000,2,4,1
752000,2,4,1
753000,3,4,1
754000,2,4,1
755000,3,4,1
756000,1,2,1
757000,2,3,1
758000,3,4,1
759000,1,2,1
760000,3,4,1
761000,1,2,1
762000,1,2,1
763000,2,4,1
764000,2,3,1
765000,2,3,1
766000,3,4,1
767000,1,2,1
768000,1,4,1
769000,2,3,1
770000,1,2,1
771000,1,2,1
772000,3,4,1
773000,1,4,1
774000,1,3,1
775000,2,4,1
776000,2,3,1
777000,1,4,1
778000,1,3,1
779000,3,4,1
780000,3,4,1
781000,3,4,1
782000,3,4,1
783000,2,4,1
784000,1,4,1
785000,1,3,1
786000,1,2,1
787000,3,4,1
788000,1,4,0
789000,3,4,1
790000,2,3,1
791000,1,2,1
792000,1,3,1
793000,2,4,1
794000,1,4,1
795000,1,2,1
796000,1,2,1
797000,2,4,1
798000,1,2,1
799000,3,4,1
800000,1,4,1
801000,1,3,1
802000,1,4,0
803000,3,4,1
804000,1,2,1
805000,2,3,1
806000,3,4,1
807000,1,3,1
808000,1,4,1
809000,3,4,1
810000,1,4,1
811000,2,3,1
812000,3,4,1
813000,2,4,1
814000,2,4,1
815000,2,4,1
816000,2,3,1
817000,2,3,1
818000,1,4,1
819000,1,4,1
820000,1,4,1
821000,3,4,0
822000,3,4,1
823000,3,4,1
824000,1,2,0
825000,2,3,1
826000,1,3,1
827000,1,4,1
828000,1,4,1
829000,1,2,1
830000,3,4,1
831000,3,4,1
832000,1,3,1
833000,1,3,1
834000,1,4,1
835000,2,3,1
836000,2,3,1
837000,1,4,1
838000,1,4,1
839000,3,4,1
840000,3,4,1
841000,3,4,1
842000,1,2,1
843000,2,3,1
844000,2,4,1
845000,1,2,1
846000,2,3,1
847000,2,3,0
848000,3,4,1
849000,2,3,1
850000,3,4,1
851000,1,2,1
852000,2,4,1
853000,2,3,1
854000,1,2,0
855000,1,3,1
856000,2,3,1
857000,1,2,1
858000,1,2,1
859000,1,4,1
860000,1,4,1
861000,2,4,0
862000,2,3,1
863000,3,4,1
864000,2,4,1
865000,1,4,1
866000,1,3,1
867000,1,2,1
868000,2,3,1
869000,3,4,1
870000,1,3,1
871000,1,2,1
872000,2,4,1
873000,1,4,1
874000,1,4,0
875000,1,3,1
876000,3,4,1
877000,2,4,1
878000,1,4,0
879000,1,4,1
880000,1,4,1
881000,2,4,1
882000,3,4,0
883000,2,4,1
884000,3,4,1
885000,2,3,1
886000,3,4,1
887000,1,3,1
888000,1,3,1
889000,1,3,0
890000,2,4,1
891000,2,4,1
892000,3,4,1
893000,2,4,1
894000,3,4,1
895000,3,4,1
896000,1,2,1
897000,3,4,1
898000,3,4,1
899000,2,4,0
900000,1,3,1
901000,1,4,1
902000,3,4,1
903000,1,3,1
904000,1,3,1
905000,2,4,1
906000,2,4,1
907000,1,4,1
908000,3,4,1
909000,2,4,1
910000,3,4,1
911000,2,3,1
912000,1,4,1
913000,2,4,0
914000,2,3,1
915000,2,4,1
916000,1,3,1
917000,1,2,1
918000,1,2,1
919000,2,4,1
920000,3,4,1
921000,1,2,1
922000,2,4,1
923000,3,4,1
924000,2,4,1
925000,1,3,1
926000,3,4,1
927000,3,4,1
928000,2,3,1
929000,2,4,1
930000,3,4,1
931000,2,3,1
932000,3,4,1
933000,1,4,0
934000,1,4,1
935000,1,2,1
936000,2,4,1
937000,1,3,1
938000,2,4,1
939000,3,4,1
940000,2,3,1
941000,1,4,1
942000,1,3,1
943000,1,2,1
944000,1,4,1
945000,1,4,1
946000,2,3,1
947000,1,4,0
948000,1,2,1
949000,2,4,1
950000,2,3,1
951000,1,4,1
952000,3,4,1
953000,1,2,0
954000,2,4,1
955000,3,4,1
956000,2,3,1
957000,1,2,1
958000,1,2,1
959000,1,2,1
960000,1,2,1
961000,3,4,1
962000,1,2,1
963000,1,2,1
964000,1,3,1
965000,2,4,1
966000,2,3,1
967000,1,3,1
968000,3,4,1
969000,2,3,1
970000,2,4,1
971000,2,3,1
972000,1,4,1
973000,2,4,1
974000,1,2,0
975000,1,2,1
976000,1,3,1
977000,3,4,1
978000,3,4,1
979000,3,4,1
980000,2,4,1
981000,3,4,1
982000,1,3,1
983000,1,4,1
984000,3,4,1
985000,2,4,1
986000,2,3,1
987000,1,2,1
988000,1,2,1
989000,3,4,1
990000,1,2,1
991000,2,4,1
992000,1,4,1
993000,1,4,0
994000,2,4,1
995000,2,4,1
996000,1,2,1
997000,2,3,1
998000,1,2,0
999000,1,4,1
1000000,3,4,1
1001000,2,3,1
1002000,1,3,1
1003000,3,4,1
1004000,2,3,1
1005000,1,4,1
1006000,1,4,1
1007000,1,2,1
1008000,1,3,1
1009000,3,4,1
1010000,1,2,1
1011000,1,2,1
1012000,3,4,1
1013000,1,2,0
1014000,1,2,1
1015000,2,3,0
1016000,1,2,1
1017000,1,3,0
1018000,1,4,1
1019000,2,3,1
1020000,1,2,1
1021000,1,3,1
1022000,1,3,1
1023000,2,4,1
1024000,3,4,0
1025000,1,2,1
1026000,2,3,1
1027000,2,3,1
1028000,1,3,0
1029000,3,4,1
1030000,2,4,0
1031000,1,3,1
1032000,1,4,1
1033000,1,2,1
1034000,1,3,1
1035000,1,2,1
1036000,1,2,1
1037000,1,4,0
1038000,2,3,1
1039000,1,4,1
1040000,1,4,1
1041000,1,3,1
1042000,3,4,1
1043000,3,4,1
1044000,2,4,1
1045000,1,4,1
1046000,2,3,1
1047000,2,4,1
1048000,1,3,1
1049000,1,2,1
1050000,1,2,1
1051000,2,3,1
1052000,1,2,1
1053000,2,3,1
1054000,2,3,0
1055000,1,4,1
1056000,1,2,1
1057000,1,3,1
1058000,3,4,1
1059000,1,2,1
1060000,2,3,1
1061000,1,2,1
1062000,1,4,1
1063000,1,2,1
1064000,1,2,1
1065000,2,3,1
1066000,1,4,1
1067000,2,3,1
1068000,2,3,1
1069000,1,4,1
1070000,1,3,1
1071000,1,2,1
1072000,1,3,1
1073000,3,4,1
1074000,1,2,1
1075000,1,2,1
1076000,1,4,1
1077000,2,3,1
1078000,1,4,1
1079000,1,2,1
1080000,2,4,1
1081000,2,3,1
1082000,3,4,1
1083000,1,3,1
1084000,1,4,0
1085000,2,3,1
1086000,1,4,0
1087000,2,4,1
1088000,3,4,1
1089000,1,2,1
1090000,2,4,1
1091000,1,4,1
1092000,2,4,1
1093000,1,3,1
1094000,1,2,1
1095000,1,3,1
1096000,1,3,1
1097000,1,3,1
1098000,1,4,1
1099000,2,3,1
1100000,2,4,1
1101000,1,3,1
1102000,3,4,0
1103000,2,3,1
1104000,1,2,1
1105000,2,4,1
1106000,1,3,1
1107000,1,3,1
1108000,3,4,1
1109000,2,4,1
1110000,1,2,1
1111000,3,4,1
1112000,2,3,0
1113000,2,4,1
1114000,3,4,1
1115000,1,4,1
1116000,1,2,1
1117000,2,4,1
1118000,1,2,1
1119000,1,3,1
1120000,2,4,1
1121000,2,3,1
1122000,3,4,1
1123000,3,4,1
1124000,2,3,1
1125000,2,3,1
1126000,2,4,1
1127000,1,4,1
1128000,3,4,1
1129000,1,4,1
1130000,3,4,1
1131000,1,2,1
1132000,1,4,0
1133000,1,4,1
1134000,1,3,1
1135000,1,3,1
1136000,2,4,1
1137000,2,3,1
1138000,1,3,1
1139000,1,2,1
1140000,1,2,1
1141000,1,2,1
1142000,1,4,1
1143000,1,2,1
1144000,2,3,1
1145000,2,3,1
1146000,2,3,1
1147000,2,3,1
1148000,2,3,1
1149000,1,3,1
1150000,2,3,1
1151000,1,4,1
1152000,1,3,1
1153000,2,3,0
1154000,2,3,1
1155000,2,4,1
1156000,1,3,1
1157000,2,3,1
1158000,1,4,1
1159000,2,4,1
1160000,2,4,1
1161000,1,4,1
1162000,1,3,1
1163000,2,3,1
1164000,1,3,1
1165000,1,2,1
1166000,1,4,0
1167000,2,3,1
1168000,2,4,1
1169000,2,3,1
1170000,1,2,1
1171000,2,4,0
1172000,3,4,1
1173000,1,4,1
1174000,2,3,1
1175000,3,4,1
1176000,1,4,1
1177000,3,4,1
1178000,1,2,1
1179000,2,4,1
1180000,2,3,1
1181000,1,2,1
1182000,1,3,1
1183000,2,3,1
1184000,2,3,1
1185000,3,4,1
1186000,1,2,0
1187000,2,3,1
1188000,2,3,1
1189000,3,4,1
1190000,3,4,1
1191000,1,4,1
1192000,1,4,1
1193000,2,4,1
1194000,1,2,1
1195000,1,3,1
1196000,1,3,1
1197000,1,3,1
1198000,2,3,1
1199000,3,4,1
1200000,3,4,1
1201000,1,2,1
1202000,2,4,1
1203000,2,4,1
1204000,2,3,1
1205000,3,4,1
1206000,1,3,1
1207000,2,3,1
1208000,1,3,1
1209000,3,4,1
1210000,1,2,1
1211000,1,4,0
1212000,2,3,1
1213000,1,4,0
1214000,3,4,1
1215000,2,3,1
1216000,1,3,1
1217000,3,4,1
1218000,3,4,1
1219000,2,3,1
1220000,1,3,0
1221000,2,4,1
1222000,1,4,1
1223000,3,4,1
1224000,3,4,1
1225000,2,3,1
1226000,3,4,1
1227000,1,3,1
1228000,2,4,1
1229000,2,3,1
1230000,2,3,1
1231000,1,4,1
1232000,2,3,1
1233000,1,2,1
1234000,1,4,1
1235000,2,3,1
1236000,1,2,1
1237000,2,3,1
1238000,3,4,1
1239000,1,2,1
1240000,2,3,1
1241000,1,4,1
1242000,2,4,1
1243000,1,4,1
1244000,3,4,1
1245000,1,4,0
1246000,2,4,1
1247000,2,4,1
1248000,2,4,1
1249000,1,3,1
1250000,3,4,1
1251000,2,4,1
1252000,1,2,1
1253000,1,2,1
1254000,1,2,1
1255000,1,3,0
1256000,1,3,0
1257000,1,2,1
1258000,1,4,1
1259000,1,2,1
1260000,2,4,1
1261000,2,4,1
1262000,3,4,1
1263000,1,2,1
1264000,2,3,1
1265000,1,3,1
1266000,2,3,1
1267000,3,4,1
1268000,1,2,1
1269000,3,4,1
1270000,2,3,1
1271000,1,3,1
1272000,2,3,1
1273000,1,2,1
1274000,2,3,1
1275000,3,4,1
1276000,3,4,1
1277000,2,4,1
1278000,1,4,1
1279000,1,4,0
1280000,3,4,1
1281000,1,4,1
1282000,1,3,1
1283000,3,4,1
1284000,1,2,1
1285000,2,3,1
1286000,1,2,1
1287000,1,2,1
1288000,3,4,1
1289000,2,4,1
1290000,1,2,0
1291000,2,3,1
1292000,2,3,1
1293000,1,4,1
1294000,1,3,1
1295000,1,2,0
1296000,1,3,1
1297000,2,4,1
1298000,3,4,1
1299000,1,2,1
1300000,2,3,0
1301000,2,4,1
1302000,3,4,1
1303000,1,2,1
1304000,1,3,1
1305000,3,4,0
1306000,2,4,1
1307000,1,3,1
1308000,2,4,1
1309000,1,3,1
1310000,1,3,0
1311000,2,4,1
1312000,2,3,1
1313000,2,4,1
1314000,3,4,1
1315000,3,4,1
1316000,1,4,1
1317000,1,4,1
1318000,2,4,1
1319000,1,4,0
1320000,1,3,1
1321000,1,3,1
1322000,2,3,0
1323000,3,4,1
1324000,1,4,1
1325000,1,2,1
1326000,2,3,1
1327000,1,2,1
1328000,3,4,1
1329000,2,4,1
1330000,2,4,1
1331000,1,4,1
1332000,2,4,0
1333000,2,3,1
1334000,2,4,1
1335000,1,2,1
1336000,2,4,1
1337000,3,4,1
1338000,3,4,1
1339000,1,2,1
1340000,1,4,0
1341000,3,4,0
1342000,1,3,1
1343000,2,4,1
1344000,2,4,1
1345000,3,4,1
1346000,2,4,1
1347000,1,3,0
1348000,1,3,1
1349000,1,4,1
1350000,2,3,1
1351000,1,3,0
1352000,3,4,1
1353000,1,4,1
1354000,3,4,1
1355000,2,3,1
1356000,2,3,1
1357000,2,3,1
1358000,3,4,1
1359000,2,3,1
1360000,1,4,1
1361000,2,3,0
1362000,1,3,1
1363000,3,4,1
1364000,1,2,1
1365000,1,4,1
1366000,1,2,1
1367000,3,4,1
1368000,1,4,1
1369000,1,2,1
1370000,2,4,1
1371000,3,4,1
1372000,1,4,1
1373000,3,4,1
1374000,1,3,1
1375000,2,4,1
1376000,1,2,1
1377000,1,2,1
1378000,3,4,1
1379000,2,3,0
1380000,3,4,1
1381000,3,4,1
1382000,1,2,1
1383000,1,3,1
1384000,1,2,1
1385000,2,4,1
1386000,1,4,1
1387000,1,4,1
1388000,2,3,1
1389000,1,2,1
1390000,1,4,0
1391000,1,3,1
1392000,2,4,0
1393000,1,4,1
1394000,1,4,1
1395000,2,3,1
1396000,3,4,1
1397000,1,3,1
1398000,1,2,1
1399000,2,3,1
1400000,1,2,1
1401000,2,4,1
1402000,1,3,1
1403000,1,4,1
1404000,2,4,1
1405000,1,3,1
1406000,3,4,1
1407000,1,4,1
1408000,2,4,0
1409000,2,4,1
1410000,3,4,1
1411000,1,4,1
1412000,1,2,1
1413000,2,4,0
1414000,3,4,1
1415000,2,3,1
1416000,1,2,1
1417000,1,3,0
1418000,1,3,1
1419000,2,3,1
1420000,2,3,0
1421000,1,2,1
1422000,2,4,0
1423000,1,4,1
1424000,3,4,1
1425000,1,4,1
1426000,2,4,1
1427000,1,3,1
1428000,2,3,1
1429000,3,4,1
1430000,2,4,1
1431000,1,3,1
1432000,1,3,1
1433000,2,3,1
1434000,1,4,1
1435000,1,4,1
1436000,1,3,1
1437000,3,4,1
1438000,1,4,1
1439000,1,4,1
1440000,2,3,1
1441000,1,3,1
1442000,3,4,1
1443000,1,3,1
1444000,2,3,1
1445000,1,3,1
1446000,1,2,1
1447000,2,3,1
1448000,2,4,0
1449000,3,4,1
1450000,2,3,1
1451000,2,3,1
1452000,2,4,1
1453000,3,4,1
1454000,2,4,1
1455000,1,2,1
1456000,2,3,1
1457000,1,4,1
1458000,2,4,1
1459000,3,4,1
1460000,2,4,1
1461000,1,2,1
1462000,1,2,1
1463000,1,3,1
1464000,3,4,1
1465000,2,3,1
1466000,1,3,0
1467000,3,4,1
1468000,1,3,1
1469000,1,4,1
1470000,2,4,1
1471000,3,4,1
1472000,1,2,1
1473000,1,3,0
1474000,1,4,1
1475000,2,4,1
1476000,3,4,1
1477000,1,2,0
1478000,2,3,1
1479000,1,2,1
1480000,2,3,1
1481000,2,4,1
1482000,2,3,1
1483000,1,2,1
1484000,1,2,1
1485000,1,2,1
1486000,2,3,1
1487000,1,3,1
1488000,2,3,1
1489000,2,3,1
1490000,1,3,1
1491000,1,3,0
1492000,1,2,1
1493000,1,2,1
1494000,1,2,1
1495000,1,4,1
1496000,1,2,1
1497000,3,4,1
1498000,3,4,1
1499000,1,3,1
1500000,1,2,1
1501000,2,4,0
1502000,3,4,1
1503000,3,4,1
1504000,3,4,1
1505000,1,4,1
1506000,1,2,1
1507000,1,3,1
1508000,1,3,1
1509000,1,3,1
1510000,1,2,1
1511000,1,4,1
1512000,3,4,1
1513000,1,3,1
1514000,1,3,0
1515000,2,3,1
1516000,1,4,1
1517000,1,4,1
1518000,3,4,1
1519000,3,4,1
1520000,3,4,1
1521000,1,4,0
1522000,2,4,1
1523000,1,4,1
1524000,2,4,1
1525000,3,4,1
1526000,2,3,0
1527000,1,2,1
1528000,2,3,1
1529000,1,2,0
1530000,2,3,1
1531000,1,2,0
1532000,1,2,1
1533000,2,4,1
1534000,1,4,1
1535000,1,3,0
1536000,1,3,0
1537000,1,3,1
1538000,1,2,1
1539000,1,4,0
1540000,1,3,1
1541000,1,2,1
1542000,1,2,1
1543000,2,3,1
1544000,1,2,1
1545000,2,3,1
1546000,2,3,1
1547000,2,4,1
1548000,3,4,1
1549000,2,4,1
1550000,3,4,0
1551000,1,4,1
1552000,1,4,1
1553000,2,3,1
1554000,1,4,1
1555000,1,2,1
1556000,1,4,0
1557000,3,4,1
1558000,2,3,1
1559000,2,3,1
1560000,3,4,1
1561000,1,2,1
1562000,1,2,1
1563000,1,3,0
1564000,2,3,1
1565000,2,3,1
1566000,3,4,1
1567000,2,4,1
1568000,2,4,1
1569000,1,3,1
1570000,1,3,1
1571000,1,2,1
1572000,3,4,0
1573000,1,2,1
1574000,2,4,1
1575000,1,4,1
1576000,3,4,1
1577000,2,3,1
1578000,1,4,1
1579000,1,2,1
1580000,3,4,1
1581000,2,3,1
1582000,1,2,1
1583000,2,4,1
1584000,3,4,1
1585000,2,4,1
1586000,1,3,1
1587000,1,3,1
1588000,2,4,1
1589000,2,3,1
1590000,3,4,1
1591000,1,4,1
1592000,2,3,1
1593000,1,4,1
1594000,1,2,1
1595000,1,2,1
1596000,1,2,1
1597000,1,2,1
1598000,1,3,1
1599000,1,2,1
1600000,3,4,1
1601000,2,3,1
1602000,2,3,1
1603000,1,3,1
1604000,3,4,1
1605000,1,3,1
1606000,1,2,1
1607000,3,4,0
1608000,3,4,1
1609000,1,2,1
1610000,1,2,1
1611000,1,3,1
1612000,3,4,1
1613000,2,3,1
1614000,1,2,1
1615000,1,4,1
1616000,2,3,1
1617000,1,3,0
1618000,2,4,1
1619000,1,2,0
1620000,1,4,1
1621000,1,2,1
1622000,2,4,1
1623000,3,4,1
1624000,1,3,1
1625000,3,4,0
1626000,2,3,0
1627000,3,4,1
1628000,1,3,0
1629000,1,4,0
1630000,1,3,0
1631000,1,2,1
1632000,1,2,1
1633000,1,4,1
1634000,2,3,1
1635000,3,4,1
1636000,3,4,1
1637000,1,4,1
1638000,2,4,1
1639000,1,3,1
1640000,2,4,1
1641000,1,3,1
1642000,2,4,1
1643000,1,3,1
1644000,2,3,1
1645000,1,3,1
1646000,3,4,1
1647000,2,4,1
1648000,1,2,1
1649000,2,3,1
1650000,3,4,1
1651000,2,4,1
1652000,1,3,1
1653000,1,2,1
1654000,2,4,0
1655000,2,3,1
1656000,3,4,0
1657000,1,2,1
1658000,1,4,0
1659000,1,2,0
1660000,1,2,1
1661000,1,3,1
1662000,1,3,0
1663000,2,4,0
1664000,2,4,1
1665000,3,4,1
1666000,2,4,1
1667000,1,3,1
1668000,1,4,0
1669000,2,3,1
1670000,1,4,1
1671000,1,3,0
1672000,1,4,1
1673000,2,4,1
1674000,1,4,1
1675000,2,3,1
1676000,1,3,0
1677000,2,4,1
1678000,3,4,1
1679000,3,4,1
1680000,1,3,1
1681000,1,4,1
1682000,1,3,1
1683000,1,3,1
1684000,3,4,1
1685000,2,4,1
1686000,1,4,1
1687000,1,3,1
1688000,3,4,1
1689000,1,2,1
1690000,1,2,1
1691000,2,4,0
1692000,1,2,1
1693000,2,3,1
1694000,1,3,1
1695000,3,4,1
1696000,1,3,1
1697000,1,4,1
1698000,1,3,1
1699000,1,4,1
1700000,2,4,1
1701000,2,3,1
1702000,2,4,1
1703000,1,4,1
1704000,1,4,0
1705000,2,4,1
1706000,2,4,1
1707000,2,4,1
1708000,2,4,1
1709000,3,4,1
1710000,1,3,1
1711000,3,4,0
1712000,1,3,1
1713000,3,4,1
1714000,1,2,1
1715000,1,4,1
1716000,2,3,1
1717000,1,2,1
1718000,1,4,1
1719000,3,4,1
1720000,1,4,1
1721000,1,3,0
1722000,2,3,1
1723000,2,4,1
1724000,2,3,1
1725000,1,2,1
1726000,1,2,1
1727000,3,4,1
1728000,1,2,1
1729000,3,4,0
1730000,1,3,0
1731000,2,3,1
1732000,1,2,1
1733000,2,3,1
1734000,2,4,1
1735000,2,3,1
1736000,1,3,0
1737000,1,3,1
1738000,2,4,1
1739000,3,4,1
1740000,2,3,1
1741000,1,2,1
1742000,1,4,0
1743000,2,3,1
1744000,1,3,1
1745000,2,4,1
1746000,2,4,1
1747000,1,2,1
1748000,3,4,1
1749000,1,2,1
1750000,3,4,0
1751000,2,4,1
1752000,1,3,1
1753000,2,3,1
1754000,3,4,1
1755000,1,4,1
1756000,1,2,1
1757000,1,4,1
1758000,1,3,1
1759000,2,4,1
1760000,3,4,0
1761000,1,2,1
1762000,1,3,1
1763000,3,4,1
1764000,1,3,1
1765000,1,2,1
1766000,2,3,1
1767000,1,4,1
1768000,1,3,1
1769000,2,4,1
1770000,1,4,0
1771000,3,4,1
1772000,2,3,1
1773000,1,4,1
1774000,1,4,1
1775000,3,4,1
1776000,1,2,1
1777000,1,4,1
1778000,2,4,0
1779000,1,2,1
1780000,1,3,1
1781000,2,4,1
1782000,3,4,1
1783000,3,4,1
1784000,2,3,1
1785000,3,4,1
1786000,1,3,1
1787000,1,3,1
1788000,1,2,1
1789000,1,2,1
1790000,1,3,1
1791000,2,3,0
1792000,1,4,0
1793000,2,3,1
1794000,2,3,1
1795000,1,3,1
1796000,2,3,1
1797000,1,2,1
1798000,2,3,1
1799000,1,2,1
1800000,1,3,1
1801000,2,3,1
1802000,2,4,1
1803000,3,4,1
1804000,1,4,1
1805000,1,2,1
1806000,3,4,1
1807000,1,4,1
1808000,1,3,1
1809000,2,4,0
1810000,1,4,1
1811000,1,3,1
1812000,3,4,1
1813000,1,3,1
1814000,2,3,1
1815000,1,3,1
1816000,1,3,1
1817000,2,4,1
1818000,1,2,1
1819000,3,4,1
1820000,1,4,1
1821000,2,3,1
1822000,2,3,1
1823000,1,3,1
1824000,1,4,1
1825000,1,3,1
1826000,1,4,1
1827000,1,2,1
1828000,1,4,1
1829000,1,4,0
1830000,2,3,1
1831000,2,4,1
1832000,3,4,1
1833000,1,3,0
1834000,2,3,1
1835000,1,3,1
1836000,1,2,1
1837000,1,2,1
1838000,1,4,1
1839000,1,4,1
1840000,1,2,1
1841000,1,4,1
1842000,3,4,1
1843000,1,2,1
1844000,2,4,1
1845000,1,2,1
1846000,1,2,1
1847000,1,3,1
1848000,1,2,1
1849000,3,4,1
1850000,1,3,1
1851000,3,4,0
1852000,2,3,1
1853000,2,4,1
1854000,3,4,1
1855000,2,3,1
1856000,1,3,1
1857000,1,2,1
1858000,1,4,1
1859000,2,3,1
1860000,2,4,1
1861000,1,3,1
1862000,1,4,1
1863000,1,4,1
1864000,3,4,1
1865000,1,3,1
1866000,2,4,1
1867000,1,3,1
1868000,1,4,1
1869000,1,4,1
1870000,1,3,1
1871000,1,3,1
1872000,1,2,1
1873000,3,4,1
1874000,3,4,1
1875000,2,4,1
1876000,1,2,1
1877000,3,4,1
1878000,2,4,1
1879000,1,4,1
1880000,2,3,1
1881000,1,3,0
1882000,3,4,1
1883000,1,2,1
1884000,3,4,1
1885000,1,4,1
1886000,1,4,1
1887000,2,3,1
1888000,1,2,1
1889000,1,2,0
1890000,2,3,1
1891000,3,4,1
1892000,1,4,0
1893000,1,2,1
1894000,1,2,1
1895000,1,3,1
1896000,1,3,1
1897000,1,4,1
1898000,2,3,0
1899000,1,4,1
1900000,2,4,1
1901000,1,3,1
1902000,1,4,1
1903000,1,2,1
1904000,2,4,1
1905000,3,4,1
1906000,2,3,1
1907000,2,4,1
1908000,1,4,1
1909000,2,4,1
1910000,2,3,1
1911000,1,2,1
1912000,2,3,1
1913000,1,3,1
1914000,2,4,1
1915000,1,4,1
1916000,2,3,1
1917000,1,2,1
1918000,1,2,0
1919000,2,3,1
1920000,1,3,1
1921000,1,4,1
1922000,2,3,1
1923000,2,4,1
1924000,3,4,1
1925000,3,4,1
1926000,1,4,1
1927000,1,4,1
1928000,1,3,1
1929000,2,4,1
1930000,2,4,1
1931000,1,4,1
1932000,1,3,1
1933000,3,4,1
1934000,3,4,1
1935000,1,4,1
1936000,1,3,1
1937000,1,3,1
1938000,2,4,1
1939000,1,4,1
1940000,1,3,1
1941000,2,3,1
1942000,1,4,0
1943000,1,3,1
1944000,2,4,1
1945000,1,4,1
1946000,1,2,0
1947000,3,4,1
1948000,3,4,1
1949000,2,3,1
1950000,3,4,1
1951000,1,2,1
1952000,1,2,1
1953000,3,4,1
1954000,3,4,1
1955000,1,3,1
1956000,1,2,1
1957000,3,4,0
1958000,2,3,1
1959000,3,4,1
1960000,1,2,1
1961000,3,4,1
1962000,3,4,1
1963000,3,4,1
1964000,2,4,1
1965000,1,2,1
1966000,1,4,1
1967000,1,3,1
1968000,2,3,1
1969000,2,4,1
1970000,3,4,1
1971000,2,4,1
1972000,3,4,1
1973000,1,4,0
1974000,1,3,1
1975000,3,4,1
1976000,2,4,1
1977000,2,3,1
1978000,1,4,1
1979000,3,4,0
1980000,3,4,0
1981000,3,4,1
1982000,1,4,1
1983000,1,3,1
1984000,1,2,1
1985000,1,2,1
1986000,1,3,1
1987000,1,2,0
1988000,1,3,1
1989000,1,3,1
1990000,2,3,1
1991000,2,3,1
1992000,1,3,1
1993000,1,3,1
1994000,1,2,1
1995000,2,3,1
1996000,3,4,1
1997000,3,4,1
1998000,1,3,1
1999000,1,3,1
2000000,2,4,1
2001000,3,4,1
2002000,3,4,1
2003000,3,4,1
2004000,2,4,1
2005000,2,4,1
2006000,1,4,1
2007000,1,2,1
2008000,1,4,1
2009000,1,3,0
2010000,2,4,1
2011000,1,4,1
2012000,1,4,0
2013000,2,4,1
2014000,3,4,1
2015000,2,3,1
2016000,3,4,1
2017000,1,3,1
2018000,1,2,1
2019000,1,4,1
2020000,2,3,1
2021000,1,2,1
2022000,2,4,1
2023000,1,2,1
2024000,2,3,0
2025000,2,3,1
2026000,1,4,1
2027000,1,4,1
2028000,1,2,1
2029000,1,4,1
2030000,2,3,1
2031000,2,3,1
2032000,3,4,1
2033000,1,4,1
2034000,1,3,0
2035000,1,3,0
2036000,1,2,1
2037000,2,3,1
2038000,2,3,1
2039000,2,4,1
2040000,2,4,1
2041000,1,3,1
2042000,1,2,1
2043000,1,2,1
2044000,1,2,1
2045000,2,3,1
2046000,1,3,1
2047000,2,4,1
2048000,2,4,1
2049000,2,3,1
2050000,2,4,1
2051000,2,4,1
2052000,3,4,1
2053000,1,4,1
2054000,1,2,1
2055000,1,2,1
2056000,2,4,1
2057000,2,4,1
2058000,1,3,1
2059000,1,4,0
2060000,3,4,1
2061000,3,4,1
2062000,2,3,1
2063000,2,4,1
2064000,2,4,1
2065000,3,4,1
2066000,2,3,1
2067000,1,4,1
2068000,3,4,1
2069000,2,4,1
2070000,1,3,0
2071000,2,4,0
2072000,2,3,1
2073000,1,2,1
2074000,3,4,0
2075000,1,3,1
2076000,1,3,1
2077000,1,2,1
2078000,1,4,1
2079000,1,4,1
2080000,2,3,1
2081000,3,4,1
2082000,1,4,1
2083000,1,4,1
2084000,2,4,1
2085000,1,4,1
2086000,2,4,1
2087000,1,4,1
2088000,1,3,0
2089000,2,3,1
2090000,1,4,1
2091000,2,3,1
2092000,1,3,1
2093000,2,4,0
2094000,1,4,1
2095000,3,4,1
2096000,1,2,1
2097000,2,4,1
2098000,2,3,1
2099000,3,4,1
2100000,2,3,1
2101000,1,2,1
2102000,1,4,1
2103000,1,3,1
2104000,3,4,1
2105000,1,2,1
2106000,2,3,1
2107000,3,4,1
2108000,2,3,1
2109000,1,2,1
2110000,1,4,1
2111000,1,4,1
2112000,2,4,0
2113000,2,4,1
2114000,1,4,1
2115000,1,4,1
2116000,1,2,1
2117000,1,2,1
2118000,2,4,1
2119000,2,3,1
2120000,1,4,1
2121000,1,2,1
2122000,2,3,1
2123000,1,3,1
2124000,1,4,1
2125000,1,4,1
2126000,1,4,1
2127000,1,3,1
2128000,1,3,1
2129000,1,3,1
2130000,2,3,1
2131000,2,4,1
2132000,1,4,1
2133000,1,4,1
2134000,3,4,1
2135000,2,4,1
2136000,2,3,1
2137000,1,2,1
2138000,3,4,1
2139000,2,4,1
2140000,1,3,1
2141000,2,3,1
2142000,1,4,1
2143000,2,4,1
2144000,2,4,1
2145000,1,2,1
2146000,2,4,1
2147000,1,4,1
2148000,1,2,1
2149000,3,4,1
2150000,2,4,1
2151000,1,3,0
2152000,2,3,0
2153000,1,4,1
2154000,2,4,1
2155000,1,3,1
2156000,3,4,1
2157000,2,4,1
2158000,1,4,1
2159000,1,3,1
2160000,2,3,1
2161000,2,3,1
2162000,2,4,0
2163000,2,3,1
2164000,1,4,1
2165000,2,4,1
2166000,1,3,1
2167000,1,4,1
2168000,1,3,1
2169000,2,3,1
2170000,2,4,1
2171000,2,3,1
2172000,2,4,1
2173000,1,2,1
2174000,3,4,1
2175000,3,4,1
2176000,1,4,0
2177000,3,4,1
2178000,1,2,1
2179000,2,4,1
2180000,2,4,1
2181000,1,4,1
2182000,2,4,1
2183000,1,2,1
2184000,3,4,1
2185000,1,2,1
2186000,3,4,1
2187000,1,2,1
2188000,3,4,1
2189000,1,4,1
2190000,1,3,1
2191000,1,3,1
2192000,2,3,1
2193000,2,3,1
2194000,2,3,1
2195000,1,3,1
2196000,1,4,1
2197000,2,4,0
2198000,1,2,1
2199000,1,2,0
2200000,1,4,1
2201000,1,4,1
2202000,1,4,1
2203000,3,4,1
2204000,2,3,1
2205000,1,4,1
2206000,1,4,1
2207000,1,4,1
2208000,1,2,1
2209000,3,4,1
2210000,2,4,1
2211000,2,3,1
2212000,3,4,1
2213000,1,4,1
2214000,3,4,1
2215000,1,3,1
2216000,3,4,1
2217000,1,2,1
2218000,1,2,1
2219000,1,4,0
2220000,2,4,1
2221000,3,4,0
2222000,1,4,0
2223000,3,4,1
2224000,3,4,1
2225000,1,2,1
2226000,2,4,0
2227000,2,3,1
2228000,2,3,1
2229000,1,2,1
2230000,2,3,1
2231000,3,4,1
2232000,1,4,1
2233000,3,4,1
2234000,1,4,1
2235000,3,4,1
2236000,2,4,1
2237000,2,4,1
2238000,2,3,1
2239000,2,4,1
2240000,2,3,1
2241000,1,4,0
2242000,1,3,1
2243000,1,2,1
2244000,1,2,1
2245000,3,4,1
2246000,2,3,1
2247000,1,3,1
2248000,1,2,0
2249000,1,2,1
2250000,1,4,0
2251000,2,4,1
2252000,2,4,1
2253000,1,3,1
2254000,2,4,1
2255000,2,4,1
2256000,3,4,1
2257000,1,4,1
2258000,2,4,1
2259000,3,4,1
2260000,2,4,1
2261000,2,3,1
2262000,1,2,1
2263000,3,4,1
2264000,1,4,1
2265000,3,4,1
2266000,2,3,1
2267000,3,4,1
2268000,1,4,1
2269000,2,4,1
2270000,1,2,1
2271000,1,3,1
2272000,2,3,1
2273000,1,3,1
2274000,2,3,1
2275000,1,2,1
2276000,1,4,1
2277000,1,2,1
2278000,1,4,1
2279000,2,3,1
2280000,1,2,1
2281000,1,3,1
2282000,1,3,1
2283000,1,4,1
2284000,2,4,1
2285000,1,3,1
2286000,2,3,1
2287000,1,2,1
2288000,1,4,1
2289000,3,4,1
2290000,1,4,1
2291000,2,3,1
2292000,3,4,1
2293000,1,3,1
2294000,1,3,1
2295000,2,3,1
2296000,1,4,1
2297000,3,4,1
2298000,3,4,1
2299000,3,4,1
2300000,2,4,1
2301000,1,3,1
2302000,3,4,1
2303000,1,2,1
2304000,1,3,1
2305000,2,4,1
2306000,2,4,1
2307000,3,4,1
2308000,2,4,1
2309000,2,3,1
2310000,2,3,1
2311000,2,4,1
2312000,3,4,1
2313000,1,3,1
2314000,2,4,1
2315000,2,3,1
2316000,1,2,1
2317000,1,3,1
2318000,3,4,1
2319000,3,4,1
2320000,2,3,1
2321000,3,4,1
2322000,1,3,1
2323000,1,3,1
2324000,3,4,1
2325000,1,4,1
2326000,1,3,1
2327000,1,3,1
2328000,3,4,1
2329000,2,3,0
2330000,1,4,1
2331000,1,2,1
2332000,1,4,1
2333000,3,4,1
2334000,2,4,1
2335000,2,3,1
2336000,1,3,1
2337000,1,2,1
2338000,2,3,1
2339000,1,3,1
2340000,1,4,1
2341000,3,4,1
2342000,1,4,1
2343000,2,4,1
2344000,2,3,1
2345000,1,4,0
2346000,1,3,0
2347000,1,4,0
2348000,1,4,1
2349000,3,4,1
2350000,2,4,1
2351000,2,4,1
2352000,1,2,1
2353000,1,2,1
2354000,3,4,1
2355000,3,4,1
2356000,3,4,1
2357000,1,2,1
2358000,1,4,1
2359000,2,3,1
2360000,1,4,1
2361000,2,4,1
2362000,3,4,1
2363000,2,3,1
2364000,1,3,1
2365000,1,4,1
2366000,1,4,1
2367000,3,4,1
2368000,1,4,1
2369000,2,4,1
2370000,1,3,1
2371000,1,4,1
2372000,1,3,1
2373000,2,3,1
2374000,3,4,0
2375000,2,3,1
2376000,3,4,1
2377000,3,4,1
2378000,1,4,1
2379000,2,4,0
2380000,1,3,1
2381000,1,4,1
2382000,2,3,1
2383000,2,4,1
2384000,2,3,1
2385000,2,4,1
2386000,2,3,0
2387000,2,3,1
2388000,3,4,1
2389000,2,4,1
2390000,1,4,1
2391000,3,4,1
2392000,1,4,1
2393000,1,4,1
2394000,1,3,1
2395000,2,3,1
2396000,1,3,0
2397000,1,2,1
2398000,2,3,1
2399000,2,4,1
2400000,1,4,1
2401000,1,3,0
2402000,3,4,1
2403000,3,4,1
2404000,1,4,0
2405000,1,4,0
2406000,2,4,1
2407000,2,3,1
2408000,2,3,1
2409000,1,3,1
2410000,3,4,1
2411000,1,3,1
2412000,1,3,1
2413000,2,4,1
2414000,2,4,1
2415000,1,3,1
2416000,1,2,1
2417000,1,3,1
2418000,1,2,1
2419000,2,3,0
2420000,2,3,1
2421000,3,4,1
2422000,2,3,1
2423000,3,4,1
2424000,1,3,1
2425000,1,3,1
2426000,2,3,1
2427000,1,4,1
2428000,1,2,1
2429000,2,4,1
2430000,2,3,1
2431000,2,4,1
2432000,2,3,1
2433000,2,3,1
2434000,3,4,1
2435000,2,3,1
2436000,1,4,1
2437000,1,2,1
2438000,3,4,1
2439000,1,2,1
2440000,1,4,1
2441000,2,4,1
2442000,1,4,1
2443000,2,3,1
2444000,1,3,0
2445000,1,3,1
2446000,1,3,1
2447000,1,4,1
2448000,3,4,1
2449000,1,2,1
2450000,2,3,1
2451000,3,4,1
2452000,1,4,1
2453000,2,4,1
2454000,2,3,1
2455000,2,3,1
2456000,1,2,1
2457000,2,3,1
2458000,1,3,1
2459000,1,4,1
2460000,1,2,1
2461000,1,2,1
2462000,1,4,0
2463000,1,3,1
2464000,1,2,1
2465000,1,3,1
2466000,3,4,1
2467000,3,4,1
2468000,2,4,1
2469000,1,3,1
2470000,2,4,1
2471000,1,2,1
2472000,2,3,1
2473000,2,3,1
2474000,2,4,1
2475000,3,4,1
2476000,1,3,1
2477000,2,3,1
2478000,1,2,1
2479000,2,4,1
2480000,3,4,1
2481000,2,3,1
2482000,1,2,1
2483000,1,4,1
2484000,1,2,1
2485000,1,4,1
2486000,3,4,1
2487000,1,3,1
2488000,2,4,1
2489000,1,4,1
2490000,2,4,1
2491000,2,4,1
2492000,2,3,1
2493000,1,3,1
2494000,1,3,1
2495000,1,2,1
2496000,1,4,1
2497000,1,4,1
2498000,2,3,1
2499000,2,3,1
2500000,3,4,1
2501000,1,2,1
2502000,3,4,1
2503000,1,2,0
2504000,2,4,1
2505000,2,3,1
2506000,1,3,1
2507000,1,2,1
2508000,1,3,1
2509000,3,4,1
2510000,2,3,1
2511000,1,2,1
2512000,2,3,1
2513000,1,4,1
2514000,1,4,1
2515000,2,4,1
2516000,1,2,1
2517000,2,3,1
2518000,1,2,1
2519000,2,4,1
2520000,1,4,0
2521000,2,4,0
2522000,3,4,1
2523000,1,4,1
2524000,1,3,0
2525000,2,3,1
2526000,3,4,1
2527000,2,3,1
2528000,1,3,1
2529000,1,3,1
2530000,3,4,1
2531000,1,3,1
2532000,1,3,1
2533000,2,3,1
2534000,1,2,1
2535000,3,4,1
2536000,1,4,1
2537000,1,3,0
2538000,1,4,1
2539000,3,4,1
2540000,2,4,1
2541000,1,3,1
2542000,1,3,1
2543000,1,3,1
2544000,1,2,1
2545000,2,3,1
2546000,1,4,0
2547000,1,4,0
2548000,1,3,0
2549000,2,3,1
2550000,2,3,1
2551000,2,4,1
2552000,1,3,1
2553000,2,4,1
2554000,1,2,1
2555000,1,4,1
2556000,1,3,1
2557000,1,3,0
2558000,1,3,1
2559000,2,4,1
2560000,2,4,1
2561000,2,4,1
2562000,2,3,1
2563000,1,3,1
2564000,1,2,1
2565000,2,4,1
2566000,1,2,1
2567000,2,4,1
2568000,3,4,1
2569000,2,3,1
2570000,3,4,0
2571000,1,2,1
2572000,1,2,1
2573000,1,2,1
2574000,2,4,1
2575000,1,2,1
2576000,1,3,1
2577000,1,3,1
2578000,2,4,1
2579000,2,4,1
2580000,1,2,1
2581000,1,4,1
2582000,2,3,1
2583000,1,2,1
2584000,2,3,1
2585000,1,4,1
2586000,1,2,1
2587000,2,3,1
2588000,2,4,1
2589000,2,4,1
2590000,3,4,0
2591000,1,3,1
2592000,1,4,1
2593000,2,3,1
2594000,1,4,1
2595000,2,4,1
2596000,1,2,1
2597000,3,4,1
2598000,1,2,1
2599000,1,4,1
2600000,2,4,1
2601000,1,3,1
2602000,3,4,1
2603000,2,4,1
2604000,1,3,1
2605000,3,4,1
2606000,2,4,0
2607000,1,3,1
2608000,1,4,1
2609000,1,2,1
2610000,1,3,1
2611000,1,2,1
2612000,1,4,1
2613000,3,4,1
2614000,1,2,1
2615000,3,4,1
2616000,1,2,1
2617000,1,2,1
2618000,3,4,1
2619000,1,4,1
2620000,2,4,1
2621000,3,4,1
2622000,2,3,1
2623000,3,4,1
2624000,1,3,1
2625000,1,2,1
2626000,1,4,0
2627000,2,3,1
2628000,1,3,0
2629000,1,2,1
2630000,2,3,1
2631000,1,3,1
2632000,3,4,1
2633000,3,4,1
2634000,3,4,1
2635000,1,4,1
2636000,2,4,1
2637000,1,4,0
2638000,2,3,1
2639000,2,3,1
2640000,1,2,1
2641000,1,2,1
2642000,1,2,0
2643000,1,2,1
2644000,1,3,1
2645000,1,2,1
2646000,1,3,1
2647000,2,3,1
2648000,3,4,1
2649000,2,3,1
2650000,1,3,1
2651000,2,4,1
2652000,2,3,1
2653000,1,2,1
2654000,2,4,1
2655000,1,4,1
2656000,1,4,1
2657000,2,4,1
2658000,2,3,1
2659000,1,2,1
2660000,1,4,1
2661000,3,4,1
2662000,1,4,1
2663000,1,2,1
2664000,1,4,1
2665000,3,4,1
2666000,2,4,1
2667000,2,3,1
2668000,3,4,1
2669000,1,3,1
2670000,1,2,1
2671000,3,4,1
2672000,2,3,1
2673000,1,4,1
2674000,2,3,1
2675000,3,4,1
2676000,1,2,1
2677000,1,4,0
2678000,2,3,1
2679000,2,3,1
2680000,3,4,1
2681000,1,2,1
2682000,1,4,1
2683000,3,4,1
2684000,2,4,0
2685000,1,4,1
2686000,2,4,1
2687000,2,3,1
2688000,1,2,1
2689000,2,4,1
2690000,3,4,1
2691000,1,3,1
2692000,2,3,1
2693000,2,3,1
2694000,2,3,1
2695000,1,3,1
2696000,3,4,1
2697000,2,4,1
2698000,1,4,1
2699000,1,4,0
2700000,1,3,0
2701000,1,3,0
2702000,3,4,1
2703000,1,2,1
2704000,1,3,1
2705000,3,4,1
2706000,1,2,1
2707000,1,4,1
2708000,3,4,1
2709000,2,4,1
2710000,1,2,1
2711000,2,4,1
2712000,1,3,0
2713000,2,3,1
2714000,1,4,1
2715000,2,3,1
2716000,1,2,1
2717000,2,4,1
2718000,1,3,1
2719000,2,3,1
2720000,2,3,1
2721000,2,4,0
2722000,1,4,1
2723000,1,4,1
2724000,3,4,1
2725000,1,2,1
2726000,1,2,1
2727000,1,4,1
2728000,3,4,1
2729000,2,4,1
2730000,1,3,1
2731000,2,3,1
2732000,2,3,1
2733000,1,3,1
2734000,1,2,1
2735000,2,4,1
2736000,2,4,1
2737000,1,4,1
2738000,2,3,0
2739000,2,3,1
2740000,1,3,1
2741000,2,3,1
2742000,3,4,1
2743000,3,4,1
2744000,1,3,0
2745000,2,4,1
2746000,1,3,1
2747000,1,2,1
2748000,2,4,1
2749000,2,4,1
2750000,1,4,1
2751000,1,4,0
2752000,1,2,1
2753000,3,4,1
2754000,1,2,1
2755000,1,3,0
2756000,1,4,1
2757000,1,4,1
2758000,3,4,1
2759000,1,2,1
2760000,2,3,0
2761000,1,2,1
2762000,1,3,1
2763000,1,3,1
2764000,2,4,1
2765000,2,3,1
2766000,1,4,0
2767000,2,3,1
2768000,2,4,1
2769000,1,2,1
2770000,3,4,0
2771000,2,4,1
2772000,1,3,1
2773000,1,2,1
2774000,2,3,1
2775000,1,2,1
2776000,1,3,1
2777000,1,3,1
2778000,1,4,1
2779000,3,4,1
2780000,2,3,1
2781000,3,4,1
2782000,1,4,0
2783000,2,4,1
2784000,1,4,0
2785000,1,4,0
2786000,1,4,0
2787000,3,4,1
2788000,3,4,1
2789000,2,4,1
2790000,2,4,1
2791000,3,4,0
2792000,2,4,1
2793000,3,4,1
2794000,1,2,1
2795000,3,4,1
2796000,3,4,1
2797000,2,3,0
2798000,2,4,0
2799000,2,3,1
2800000,2,4,1
2801000,1,2,1
2802000,1,3,1
2803000,3,4,1
2804000,1,4,1
2805000,1,3,1
2806000,3,4,1
2807000,2,4,1
2808000,2,3,1
2809000,1,4,1
2810000,1,2,1
2811000,3,4,1
2812000,1,4,0
2813000,1,4,1
2814000,2,4,1
2815000,2,3,1
2816000,2,4,1
2817000,2,4,1
2818000,1,2,1
2819000,2,4,0
2820000,2,4,1
2821000,3,4,0
2822000,1,4,1
2823000,3,4,1
2824000,1,3,1
2825000,3,4,1
2826000,2,3,1
2827000,1,3,1
2828000,1,3,1
2829000,1,4,1
2830000,1,3,1
2831000,2,4,1
2832000,2,4,1
2833000,1,3,1
2834000,1,2,1
2835000,1,4,1
2836000,2,4,1
2837000,2,3,1
2838000,1,3,1
2839000,1,2,1
2840000,2,4,1
2841000,2,4,1
2842000,1,4,1
2843000,3,4,1
2844000,3,4,1
2845000,1,3,1
2846000,2,4,0
2847000,1,4,1
2848000,2,4,1
2849000,1,3,1
2850000,3,4,1
2851000,1,4,1
2852000,1,3,1
2853000,1,3,1
2854000,2,3,1
2855000,1,2,1
2856000,1,2,1
2857000,3,4,1
2858000,2,3,1
2859000,2,3,1
2860000,3,4,1
2861000,3,4,1
2862000,1,3,1
2863000,2,4,0
2864000,2,4,1
2865000,3,4,1
2866000,2,4,1
2867000,1,3,1
2868000,1,2,1
2869000,1,2,1
2870000,2,4,1
2871000,1,2,1
2872000,1,4,1
2873000,1,4,1
2874000,1,4,1
2875000,1,3,1
2876000,1,2,1
2877000,1,3,1
2878000,2,3,1
2879000,1,2,1
2880000,1,3,0
2881000,2,4,1
2882000,1,3,1
2883000,2,4,1
2884000,2,4,1
2885000,2,4,1
2886000,1,4,0
2887000,1,2,1
2888000,1,2,1
2889000,1,4,1
2890000,2,4,1
2891000,1,2,1
2892000,3,4,1
2893000,2,4,1
2894000,2,3,1
2895000,2,3,1
2896000,3,4,1
2897000,2,4,1
2898000,1,4,1
2899000,1,4,1
2900000,1,2,1
2901000,1,3,1
2902000,1,4,1
2903000,1,2,0
2904000,1,4,1
2905000,2,3,1
2906000,1,2,1
2907000,1,3,1
2908000,2,3,1
2909000,1,3,1
2910000,2,4,1
2911000,1,3,1
2912000,3,4,1
2913000,3,4,1
2914000,1,2,1
2915000,2,4,0
2916000,1,3,1
2917000,1,3,0
2918000,2,3,1
2919000,1,2,1
2920000,2,4,1
2921000,3,4,1
2922000,1,2,1
2923000,2,4,0
2924000,1,3,1
2925000,1,2,1
2926000,1,3,1
2927000,1,3,1
2928000,2,3,1
2929000,1,3,1
2930000,2,3,1
2931000,1,2,1
2932000,1,3,1
2933000,2,4,1
2934000,1,4,0
2935000,1,3,1
2936000,1,2,1
2937000,1,2,1
2938000,1,3,1
2939000,1,3,1
2940000,1,3,1
2941000,1,4,1
2942000,1,3,1
2943000,3,4,1
2944000,1,4,0
2945000,1,2,1
2946000,1,2,1
2947000,2,4,1
2948000,2,4,1
2949000,3,4,1
2950000,2,4,1
2951000,1,4,1
2952000,2,3,1
2953000,1,2,1
2954000,2,4,1
2955000,1,3,1
2956000,2,3,1
2957000,1,2,1
2958000,2,4,1
2959000,2,4,1
2960000,2,4,1
2961000,2,3,1
2962000,2,3,1
2963000,1,2,1
2964000,1,3,1
2965000,1,2,1
2966000,1,4,1
2967000,1,4,0
2968000,1,4,0
2969000,3,4,1
2970000,3,4,1
2971000,2,4,1
2972000,1,2,1
2973000,2,4,1
2974000,1,2,1
2975000,1,4,0
2976000,2,4,1
2977000,2,3,1
2978000,2,4,1
2979000,2,4,1
2980000,2,4,0
2981000,2,3,1
2982000,3,4,1
2983000,1,3,0
2984000,3,4,1
2985000,1,4,0
2986000,1,3,0
2987000,2,3,1
2988000,1,4,1
2989000,3,4,1
2990000,1,4,0
2991000,1,2,1
2992000,1,2,1
2993000,1,3,1
2994000,2,4,1
2995000,2,4,1
2996000,2,3,1
2997000,1,4,0
2998000,1,3,0
2999000,2,3,1
3000000,1,2,1
3001000,2,3,1
3002000,2,4,1
3003000,3,4,1
3004000,1,3,0
3005000,1,4,1
3006000,2,4,1
3007000,1,2,1
3008000,1,2,1
3009000,2,4,1
3010000,3,4,1
3011000,3,4,1
3012000,1,3,1
3013000,1,3,1
3014000,1,4,1
3015000,2,3,1
3016000,1,4,1
3017000,1,4,1
3018000,1,3,0
3019000,2,3,1
3020000,2,4,1
3021000,1,3,1
3022000,1,4,1
3023000,1,3,1
3024000,1,4,1
3025000,2,3,1
3026000,1,2,1
3027000,1,3,1
3028000,1,4,1
3029000,1,4,1
3030000,1,4,1
3031000,2,4,1
3032000,1,4,0
3033000,1,3,0
3034000,2,4,1
3035000,1,2,0
3036000,2,4,1
3037000,3,4,1
3038000,1,4,1
3039000,2,4,1
3040000,1,4,1
3041000,2,4,1
3042000,1,4,0
3043000,1,3,0
3044000,2,3,1
3045000,1,3,1
3046000,1,2,1
3047000,1,2,1
3048000,1,2,1
3049000,1,3,1
3050000,1,2,1
3051000,2,4,1
3052000,2,4,1
3053000,2,3,1
3054000,1,2,1
3055000,2,3,0
3056000,1,2,1
3057000,2,4,1
3058000,2,4,1
3059000,1,4,1
3060000,2,3,1
3061000,2,3,1
3062000,1,4,1
3063000,2,3,1
3064000,2,4,1
3065000,2,4,1
3066000,3,4,1
3067000,1,4,1
3068000,2,4,1
3069000,3,4,1
3070000,2,4,1
3071000,3,4,1
3072000,2,3,1
3073000,3,4,1
3074000,2,3,1
3075000,1,4,1
3076000,2,4,1
3077000,1,4,1
3078000,2,4,1
3079000,2,4,0
3080000,3,4,0
3081000,1,2,1
3082000,1,2,1
3083000,2,4,1
3084000,1,4,1
3085000,2,3,1
3086000,2,4,1
3087000,2,3,1
3088000,2,4,1
3089000,2,3,1
3090000,2,4,0
3091000,3,4,1
3092000,3,4,1
3093000,2,4,1
3094000,1,2,0
3095000,1,2,1
3096000,2,4,1
3097000,2,4,1
3098000,1,3,0
3099000,3,4,1
3100000,2,4,1
3101000,3,4,1
3102000,2,3,1
3103000,1,2,1
3104000,2,3,0
3105000,2,3,1
3106000,1,4,1
3107000,2,3,1
3108000,1,2,1
3109000,1,3,1
3110000,1,3,1
3111000,1,3,1
3112000,1,4,0
3113000,1,3,1
3114000,1,4,1
3115000,1,2,1
3116000,3,4,1
3117000,1,3,1
3118000,3,4,1
3119000,1,4,1
3120000,2,3,1
3121000,2,4,1
3122000,2,3,1
3123000,1,4,0
3124000,3,4,1
3125000,1,3,1
3126000,3,4,1
3127000,1,2,1
3128000,3,4,1
3129000,1,3,1
3130000,1,4,1
3131000,2,4,1
3132000,3,4,1
3133000,2,4,1
3134000,1,3,1
3135000,2,3,1
3136000,2,3,1
3137000,1,4,1
3138000,1,3,1
3139000,1,4,1
3140000,2,4,1
3141000,1,3,1
3142000,2,4,1
3143000,1,2,1
3144000,1,2,1
3145000,2,3,1
3146000,3,4,1
3147000,3,4,1
3148000,1,3,1
3149000,2,3,1
3150000,1,3,1
3151000,1,3,1
3152000,2,3,1
3153000,1,2,1
3154000,2,3,0
3155000,1,2,1
3156000,2,3,1
3157000,1,4,0
3158000,1,2,1
3159000,2,3,1
3160000,3,4,0
3161000,3,4,1
3162000,1,4,0
3163000,2,3,1
3164000,3,4,1
3165000,2,3,1
3166000,1,2,1
3167000,1,4,1
3168000,1,3,0
3169000,1,2,0
3170000,1,3,1
3171000,1,2,1
3172000,1,4,1
3173000,3,4,1
3174000,1,2,1
3175000,2,4,1
3176000,3,4,1
3177000,1,2,1
3178000,1,3,1
3179000,3,4,1
3180000,2,3,0
3181000,3,4,1
3182000,2,3,1
3183000,1,3,1
3184000,1,4,1
3185000,1,2,1
3186000,2,3,1
3187000,1,4,1
3188000,2,3,1
3189000,2,4,1
3190000,1,3,1
3191000,2,4,1
3192000,1,4,1
3193000,3,4,1
3194000,1,2,0
3195000,2,3,0
3196000,3,4,1
3197000,1,2,1
3198000,1,4,1
3199000,1,2,1
3200000,1,2,1
3201000,1,3,1
3202000,1,3,0
3203000,1,4,1
3204000,1,4,1
3205000,1,3,0
3206000,1,2,1
3207000,3,4,1
3208000,3,4,1
3209000,1,2,1
3210000,2,3,1
3211000,1,2,1
3212000,1,4,1
3213000,1,2,1
3214000,2,3,1
3215000,1,2,1
3216000,1,2,1
3217000,1,2,1
3218000,1,2,1
3219000,1,2,1
3220000,1,3,1
3221000,1,4,0
3222000,2,3,1
3223000,1,3,0
3224000,1,2,1
3225000,1,3,1
3226000,1,2,1
3227000,2,4,1
3228000,2,3,1
3229000,2,4,1
3230000,1,3,0
3231000,1,3,1
3232000,1,2,1
3233000,3,4,1
3234000,1,4,1
3235000,1,3,1
3236000,1,2,1
3237000,2,3,1
3238000,3,4,1
3239000,1,4,1
3240000,1,4,0
3241000,3,4,1
3242000,2,4,1
3243000,1,2,1
3244000,2,4,1
3245000,2,3,1
3246000,3,4,1
3247000,1,2,1
3248000,1,2,0
3249000,1,2,1
3250000,2,3,1
3251000,1,2,1
3252000,1,3,1
3253000,1,3,1
3254000,3,4,1
3255000,1,3,1
3256000,1,3,1
3257000,1,3,1
3258000,2,3,1
3259000,2,3,1
3260000,2,3,1
3261000,2,4,1
3262000,1,2,1
3263000,2,4,1
3264000,1,3,1
3265000,1,4,0
3266000,1,4,0
3267000,2,3,1
3268000,1,4,0
3269000,1,2,1
3270000,1,3,1
3271000,1,3,1
3272000,1,4,1
3273000,1,3,1
3274000,2,4,1
3275000,1,2,1
3276000,1,3,0
3277000,3,4,1
3278000,1,2,1
3279000,3,4,1
3280000,1,3,1
3281000,1,2,1
3282000,2,4,1
3283000,3,4,1
3284000,1,3,1
3285000,1,2,1
3286000,1,4,1
3287000,2,3,1
3288000,2,4,1
3289000,2,4,1
3290000,2,4,1
3291000,1,2,1
3292000,1,2,1
3293000,1,2,1
3294000,3,4,1
3295000,2,3,1
3296000,1,4,1
3297000,3,4,1
3298000,1,4,1
3299000,1,2,1
3300000,2,4,1
3301000,3,4,1
3302000,2,3,1
3303000,1,3,1
3304000,1,3,1
3305000,1,4,1
3306000,1,3,1
3307000,2,4,0
3308000,3,4,1
3309000,2,4,1
3310000,3,4,1
3311000,3,4,1
3312000,1,3,1
3313000,2,4,1
3314000,2,3,1
3315000,1,2,1
3316000,1,4,1
3317000,2,4,1
3318000,3,4,0
3319000,1,4,1
3320000,1,4,1
3321000,2,4,1
3322000,2,3,1
3323000,1,3,1
3324000,1,3,1
3325000,1,2,1
3326000,3,4,1
3327000,1,4,1
3328000,2,4,1
3329000,1,2,1
3330000,1,4,1
3331000,2,4,1
3332000,2,4,1
3333000,2,4,1
3334000,1,2,1
3335000,3,4,1
3336000,1,3,1
3337000,2,4,1
3338000,2,4,1
3339000,2,4,1
3340000,3,4,1
3341000,1,2,1
3342000,1,4,1
3343000,1,4,1
3344000,1,4,1
3345000,2,4,1
3346000,2,3,1
3347000,2,4,0
3348000,1,2,1
3349000,1,2,0
3350000,2,4,0
3351000,1,3,1
3352000,1,2,1
3353000,3,4,1
3354000,2,3,1
3355000,1,4,1
3356000,1,2,0
3357000,2,3,1
3358000,1,3,1
3359000,3,4,1
3360000,2,3,1
3361000,2,4,1
3362000,2,4,1
3363000,2,4,1
3364000,2,4,1
3365000,3,4,1
3366000,1,4,1
3367000,3,4,0
3368000,1,3,1
3369000,2,3,0
3370000,2,4,0
3371000,1,4,1
3372000,2,3,1
3373000,1,3,1
3374000,2,4,1
3375000,3,4,1
3376000,3,4,1
3377000,1,4,1
3378000,1,4,1
3379000,2,3,1
3380000,2,3,1
3381000,1,2,1
3382000,2,4,0
3383000,1,3,1
3384000,3,4,0
3385000,2,4,0
3386000,1,4,1
3387000,2,3,1
3388000,1,3,1
3389000,2,4,0
3390000,2,3,1
3391000,2,3,1
3392000,1,3,1
3393000,1,2,1
3394000,1,4,0
3395000,1,4,1
3396000,1,2,1
3397000,3,4,1
3398000,1,3,1
3399000,2,4,1
3400000,2,3,1
3401000,1,2,1
3402000,2,3,0
3403000,1,2,1
3404000,2,4,0
3405000,3,4,1
3406000,3,4,1
3407000,3,4,1
3408000,1,3,0
3409000,1,3,1
3410000,2,3,1
3411000,2,3,1
3412000,3,4,1
3413000,2,4,1
3414000,1,4,1
3415000,1,4,1
3416000,2,3,1
3417000,2,4,1
3418000,2,4,1
3419000,1,2,1
3420000,2,3,1
3421000,1,4,1
3422000,2,3,1
3423000,2,3,1
3424000,1,3,1
3425000,1,2,1
3426000,1,3,1
3427000,3,4,1
3428000,2,4,1
3429000,1,4,0
3430000,2,4,0
3431000,3,4,1
3432000,2,4,1
3433000,1,3,1
3434000,2,3,1
3435000,1,3,1
3436000,1,3,1
3437000,1,4,1
3438000,2,4,0
3439000,1,3,0
3440000,3,4,0
3441000,1,4,1
3442000,1,2,1
3443000,1,4,1
3444000,1,4,1
3445000,2,4,1
3446000,1,3,1
3447000,1,3,0
3448000,2,4,1
3449000,3,4,1
3450000,3,4,1
3451000,1,2,1
3452000,2,4,1
3453000,1,2,1
3454000,1,4,1
3455000,2,4,1
3456000,3,4,1
3457000,1,3,1
3458000,1,2,1
3459000,1,4,1
3460000,2,3,1
3461000,3,4,1
3462000,1,4,1
3463000,3,4,1
3464000,1,4,1
3465000,1,2,1
3466000,2,4,0
3467000,1,2,1
3468000,1,3,1
3469000,1,2,1
3470000,2,4,1
3471000,2,4,1
3472000,1,2,1
3473000,2,4,0
3474000,1,2,1
3475000,2,4,1
3476000,1,4,1
3477000,1,3,0
3478000,3,4,1
3479000,3,4,1
3480000,2,4,1
3481000,1,3,1
3482000,3,4,1
3483000,1,3,0
3484000,2,3,0
3485000,2,4,1
3486000,2,3,1
3487000,1,3,1
3488000,1,4,1
3489000,2,3,1
3490000,2,3,1
3491000,1,3,1
3492000,2,4,1
3493000,2,3,1
3494000,2,3,1
3495000,1,4,1
3496000,3,4,0
3497000,2,4,1
3498000,1,3,1
3499000,2,3,1
3500000,1,2,1
3501000,1,2,1
3502000,3,4,1
3503000,1,4,1
3504000,1,4,1
3505000,2,3,1
3506000,1,4,1
3507000,2,4,1
3508000,2,3,1
3509000,1,3,1
3510000,1,3,1
3511000,1,4,1
3512000,3,4,0
3513000,2,3,1
3514000,1,4,0
3515000,1,4,1
3516000,2,3,1
3517000,1,3,1
3518000,2,4,1
3519000,2,4,0
3520000,1,3,1
3521000,2,4,1
3522000,1,2,1
3523000,1,2,1
3524000,3,4,1
3525000,1,4,1
3526000,1,4,0
3527000,3,4,1
3528000,2,3,1
3529000,1,2,1
3530000,3,4,1
3531000,1,4,1
3532000,2,4,1
3533000,2,4,1
3534000,2,4,0
3535000,2,4,0
3536000,2,3,1
3537000,2,3,1
3538000,1,2,1
3539000,2,3,1
3540000,2,3,1
3541000,1,4,1
3542000,1,3,1
3543000,2,3,1
3544000,2,3,1
3545000,1,2,1
3546000,2,3,1
3547000,3,4,1
3548000,1,3,1
3549000,2,4,1
3550000,3,4,1
3551000,2,4,1
3552000,1,2,1
3553000,1,4,0
3554000,2,3,1
3555000,2,4,1
3556000,1,2,1
3557000,2,3,0
3558000,3,4,1
3559000,1,3,1
3560000,2,4,1
3561000,2,4,0
3562000,3,4,1
3563000,3,4,1
3564000,2,3,0
3565000,3,4,1
3566000,3,4,1
3567000,1,3,1
3568000,3,4,1
3569000,1,3,1
3570000,1,3,1
3571000,1,2,1
3572000,2,4,1
3573000,1,3,1
3574000,2,4,1
3575000,1,2,1
3576000,1,2,1
3577000,3,4,0
3578000,2,4,1
3579000,3,4,1
3580000,3,4,1
3581000,1,3,1
3582000,1,2,1
3583000,1,3,1
3584000,2,3,1
3585000,2,4,1
3586000,3,4,0
3587000,2,4,1
3588000,1,2,1
3589000,3,4,1
3590000,1,2,1
3591000,1,2,1
3592000,1,4,1
3593000,2,4,1
3594000,1,3,1
3595000,2,3,1
3596000,1,3,1
3597000,2,3,1
3598000,2,3,1
3599000,1,4,1
3600000,1,2,1
3601000,1,2,1
3602000,2,4,1
3603000,1,3,0
3604000,1,3,1
3605000,2,4,1
3606000,2,4,1
3607000,1,2,1
3608000,1,4,1
3609000,2,3,1
3610000,2,3,1
3611000,3,4,0
3612000,2,4,1
3613000,2,3,1
3614000,1,2,1
3615000,2,3,1
3616000,1,4,1
3617000,2,3,1
3618000,1,4,1
3619000,2,3,1
3620000,1,3,1
3621000,1,3,1
3622000,1,3,1
3623000,1,2,1
3624000,1,4,1
3625000,1,4,1
3626000,3,4,1
3627000,2,3,1
3628000,1,2,0
3629000,2,3,1
3630000,2,3,1
3631000,3,4,1
3632000,2,4,1
3633000,1,3,1
3634000,2,4,1
3635000,1,2,1
3636000,1,2,1
3637000,2,4,1
3638000,2,3,1
3639000,1,3,1
3640000,1,4,1
3641000,2,3,1
3642000,3,4,1
3643000,1,4,1
3644000,3,4,1
3645000,1,4,1
3646000,3,4,1
3647000,1,4,1
3648000,2,4,1
3649000,3,4,0
3650000,2,3,1
3651000,1,3,1
3652000,3,4,1
3653000,1,4,1
3654000,2,4,0
3655000,3,4,1
3656000,3,4,1
3657000,3,4,1
3658000,1,2,1
3659000,1,2,1
3660000,1,2,1
3661000,3,4,1
3662000,2,3,0
3663000,3,4,1
3664000,2,4,1
3665000,3,4,1
3666000,2,4,1
3667000,1,3,1
3668000,3,4,1
3669000,1,2,1
3670000,1,2,1
3671000,1,2,1
3672000,2,4,1
3673000,1,2,1
3674000,2,4,1
3675000,1,4,1
3676000,2,3,1
3677000,2,4,1
3678000,1,2,1
3679000,2,3,1
3680000,2,4,1
3681000,1,4,1
3682000,2,4,1
3683000,1,4,0
3684000,3,4,1
3685000,2,3,1
3686000,1,2,1
3687000,2,3,1
3688000,1,4,1
3689000,1,4,1
3690000,3,4,1
3691000,1,4,0
3692000,2,4,1
3693000,1,4,1
3694000,1,3,1
3695000,3,4,1
3696000,1,3,1
3697000,1,3,0
3698000,1,3,1
3699000,1,2,1
3700000,3,4,1
3701000,3,4,1
3702000,1,3,1
3703000,2,3,1
3704000,1,2,1
3705000,1,2,1
3706000,1,4,1
3707000,3,4,1
3708000,1,3,1
3709000,1,2,1
3710000,1,4,1
3711000,1,2,1
3712000,2,4,1
3713000,2,3,1
3714000,2,3,1
3715000,1,3,1
3716000,2,3,1
3717000,1,4,0
3718000,1,3,1
3719000,1,4,0
3720000,3,4,0
3721000,3,4,1
3722000,1,3,1
3723000,1,3,1
3724000,3,4,1
3725000,1,2,1
3726000,2,4,1
3727000,1,2,1
3728000,1,4,1
3729000,1,4,1
3730000,1,4,1
3731000,1,4,0
3732000,1,3,1
3733000,3,4,1
3734000,2,3,1
3735000,3,4,1
3736000,1,3,1
3737000,2,3,1
3738000,2,4,1
3739000,3,4,1
3740000,2,3,1
3741000,2,4,1
3742000,1,4,1
3743000,1,3,0
3744000,1,2,1
3745000,1,2,1
3746000,1,3,1
3747000,1,2,1
3748000,1,4,1
3749000,1,4,1
3750000,2,3,1
3751000,2,3,1
3752000,3,4,1
3753000,1,4,1
3754000,1,3,1
3755000,2,4,1
3756000,3,4,1
3757000,1,2,1
3758000,3,4,1
3759000,1,3,1
3760000,3,4,1
3761000,1,4,1
3762000,2,4,1
3763000,3,4,1
3764000,1,2,1
3765000,1,4,0
3766000,3,4,1
3767000,1,4,1
3768000,1,4,0
3769000,1,4,1
3770000,2,4,1
3771000,2,4,1
3772000,1,4,1
3773000,2,4,1
3774000,1,2,1
3775000,1,3,0
3776000,2,4,1
3777000,2,4,1
3778000,1,2,1
3779000,3,4,1
3780000,2,4,1
3781000,3,4,1
3782000,2,3,1
3783000,1,3,1
3784000,3,4,1
3785000,2,3,1
3786000,1,2,1
3787000,1,3,1
3788000,2,4,1
3789000,2,4,1
3790000,3,4,1
3791000,2,4,1
3792000,1,2,1
3793000,1,2,1
3794000,1,2,1
3795000,1,3,1
3796000,2,3,1
3797000,2,4,1
3798000,1,2,1
3799000,2,3,1
3800000,1,4,1
3801000,1,2,1
3802000,2,4,1
3803000,2,3,1
3804000,1,4,1
3805000,1,4,1
3806000,2,3,1
3807000,2,4,1
3808000,2,4,1
3809000,1,2,1
3810000,1,3,0
3811000,1,4,0
3812000,1,2,1
3813000,2,3,1
3814000,1,4,0
3815000,1,3,0
3816000,3,4,0
3817000,3,4,1
3818000,1,4,0
3819000,1,3,0
3820000,1,2,1
3821000,1,3,0
3822000,2,4,1
3823000,2,4,1
3824000,1,3,1
3825000,3,4,1
3826000,2,4,1
3827000,1,2,0
3828000,2,3,1
3829000,2,4,1
3830000,1,3,1
3831000,1,3,1
3832000,2,3,1
3833000,2,4,1
3834000,2,4,1
3835000,1,3,1
3836000,2,4,1
3837000,1,3,1
3838000,1,2,1
3839000,1,4,1
3840000,1,2,1
3841000,2,3,1
3842000,1,3,1
3843000,1,3,0
3844000,1,2,1
3845000,1,2,1
3846000,1,3,1
3847000,2,4,1
3848000,1,2,1
3849000,2,3,1
3850000,1,3,1
3851000,3,4,1
3852000,1,4,1
3853000,2,3,1
3854000,1,2,0
3855000,3,4,1
3856000,2,3,1
3857000,2,3,1
3858000,1,2,1
3859000,1,4,1
3860000,2,3,1
3861000,3,4,1
3862000,3,4,1
3863000,2,3,1
3864000,1,3,0
3865000,2,3,1
3866000,1,2,0
3867000,3,4,1
3868000,2,4,1
3869000,1,3,1
3870000,1,4,1
3871000,3,4,1
3872000,2,4,0
3873000,1,2,1
3874000,1,4,1
3875000,3,4,1
3876000,2,3,1
3877000,1,4,0
3878000,1,2,1
3879000,1,3,1
3880000,1,2,1
3881000,3,4,1
3882000,1,2,0
3883000,1,3,0
3884000,1,4,1
3885000,1,2,1
3886000,3,4,1
3887000,3,4,0
3888000,2,4,0
3889000,1,4,0
3890000,1,4,0
3891000,3,4,1
3892000,2,3,0
3893000,1,4,1
3894000,1,4,0
3895000,1,2,1
3896000,1,2,1
3897000,2,4,1
3898000,2,4,1
3899000,1,3,1
3900000,3,4,0
3901000,1,3,1
3902000,1,2,1
3903000,1,3,1
3904000,3,4,1
3905000,3,4,1
3906000,2,4,1
3907000,3,4,1
3908000,2,4,1
3909000,2,3,1
3910000,2,4,1
3911000,1,2,1
3912000,2,3,1
3913000,3,4,1
3914000,1,3,1
3915000,2,4,1
3916000,2,3,1
3917000,2,4,1
3918000,1,3,0
3919000,1,3,0
3920000,2,4,0
3921000,2,3,1
3922000,2,3,1
3923000,2,3,0
3924000,2,3,1
3925000,1,4,1
3926000,1,2,1
3927000,3,4,0
3928000,1,4,1
3929000,1,2,0
3930000,2,3,1
3931000,1,4,0
3932000,2,4,1
3933000,2,3,1
3934000,1,4,1
3935000,1,2,1
3936000,1,2,1
3937000,1,2,0
3938000,3,4,1
3939000,2,3,1
3940000,3,4,1
3941000,1,3,0
3942000,3,4,1
3943000,2,4,0
3944000,3,4,1
3945000,1,4,1
3946000,2,3,1
3947000,2,4,1
3948000,1,3,1
3949000,2,3,1
3950000,1,4,1
3951000,3,4,1
3952000,2,4,1
3953000,3,4,0
3954000,3,4,1
3955000,2,4,1
3956000,1,2,1
3957000,3,4,1
3958000,2,4,1
3959000,2,4,1
3960000,1,2,1
3961000,1,2,1
3962000,2,4,1
3963000,1,4,1
3964000,1,2,1
3965000,1,2,1
3966000,3,4,0
3967000,3,4,1
3968000,2,4,1
3969000,2,3,1
3970000,1,2,1
3971000,2,4,1
3972000,2,4,1
3973000,2,4,1
3974000,3,4,1
3975000,1,4,1
3976000,2,4,1
3977000,1,2,1
3978000,2,3,1
3979000,2,3,1
3980000,1,4,1
3981000,2,4,1
3982000,1,2,1
3983000,3,4,1
3984000,3,4,1
3985000,1,3,1
3986000,3,4,1
3987000,2,3,1
3988000,1,3,1
3989000,1,4,1
3990000,1,3,0
3991000,1,3,0
3992000,1,4,0
3993000,1,2,1
3994000,3,4,1
3995000,2,4,1
3996000,1,2,0
3997000,2,4,1
3998000,2,4,1
3999000,1,4,0
4000000,3,4,1
4001000,3,4,1
4002000,2,3,1
4003000,2,3,1
4004000,3,4,1
4005000,2,3,1
4006000,3,4,1
4007000,3,4,0
4008000,2,4,0
4009000,2,4,0
4010000,1,2,1
4011000,3,4,1
4012000,1,4,1
4013000,1,3,1
4014000,2,3,0
4015000,2,3,1
4016000,2,3,1
4017000,3,4,1
4018000,1,2,1
4019000,1,3,0
4020000,1,4,0
4021000,2,4,1
4022000,2,3,1
4023000,1,2,1
4024000,1,3,0
4025000,1,4,0
4026000,3,4,1
4027000,1,4,1
4028000,2,3,0
4029000,2,4,1
4030000,2,4,1
4031000,2,4,0
4032000,2,4,0
4033000,1,4,1
4034000,1,3,1
4035000,1,3,1
4036000,3,4,1
4037000,1,4,0
4038000,2,4,1
4039000,2,4,1
4040000,3,4,1
4041000,1,2,1
4042000,1,4,1
4043000,1,2,1
4044000,1,4,1
4045000,3,4,1
4046000,1,3,1
4047000,1,3,1
4048000,2,4,1
4049000,2,3,1
4050000,3,4,1
4051000,2,4,0
4052000,3,4,1
4053000,1,2,1
4054000,2,3,1
4055000,2,3,1
4056000,1,4,1
4057000,2,4,1
4058000,2,4,1
4059000,1,2,1
4060000,3,4,1
4061000,2,4,1
4062000,2,4,1
4063000,3,4,1
4064000,3,4,1
4065000,1,2,1
4066000,1,4,1
4067000,1,3,1
4068000,2,3,1
4069000,1,3,1
4070000,1,4,1
4071000,3,4,1
4072000,2,4,1
4073000,1,3,1
4074000,1,3,1
4075000,1,3,1
4076000,2,4,1
4077000,2,3,1
4078000,3,4,1
4079000,3,4,1
4080000,2,4,1
4081000,2,3,1
4082000,1,3,1
4083000,2,3,1
4084000,1,3,1
4085000,3,4,1
4086000,1,2,1
4087000,2,3,1
4088000,2,3,1
4089000,2,4,1
4090000,1,4,1
4091000,2,3,0
4092000,2,3,1
4093000,1,4,1
4094000,2,4,1
4095000,1,3,1
4096000,1,2,1
4097000,1,3,1
4098000,2,4,0
4099000,3,4,1
4100000,2,4,1
4101000,3,4,1
4102000,1,2,1
4103000,1,3,1
4104000,1,4,0
4105000,2,4,1
4106000,3,4,1
4107000,1,3,0
4108000,2,4,1
4109000,1,3,1
4110000,1,4,1
4111000,2,3,1
4112000,1,4,1
4113000,1,4,1
4114000,1,3,1
4115000,1,4,1
4116000,1,4,1
4117000,2,3,1
4118000,1,2,1
4119000,2,3,1
4120000,2,3,1
4121000,2,3,1
4122000,1,2,1
4123000,2,4,1
4124000,2,3,0
4125000,1,2,1
4126000,1,4,1
4127000,2,4,1
4128000,3,4,1
4129000,3,4,1
4130000,3,4,1
4131000,1,3,1
4132000,3,4,0
4133000,1,4,0
4134000,1,3,1
4135000,1,4,0
4136000,1,2,1
4137000,2,4,1
4138000,1,3,0
4139000,1,4,1
4140000,2,4,1
4141000,1,3,1
4142000,1,2,1
4143000,1,2,1
4144000,1,3,1
4145000,2,3,1
4146000,2,3,1
4147000,3,4,0
4148000,2,3,1
4149000,1,3,1
4150000,3,4,0
4151000,2,3,1
4152000,3,4,0
4153000,1,3,1
4154000,3,4,1
4155000,2,4,1
4156000,2,4,1
4157000,3,4,1
4158000,2,3,1
4159000,1,4,0
4160000,2,4,1
4161000,1,2,1
4162000,2,4,1
4163000,3,4,1
4164000,2,4,1
4165000,2,4,1
4166000,1,3,1
4167000,1,3,1
4168000,3,4,0
4169000,1,4,1
4170000,1,3,1
4171000,1,3,1
4172000,3,4,0
4173000,1,3,1
4174000,1,3,0
4175000,1,4,1
4176000,2,4,1
4177000,3,4,1
4178000,3,4,1
4179000,2,4,1
4180000,1,2,1
4181000,1,3,1
4182000,1,2,1
4183000,1,3,1
4184000,1,2,1
4185000,2,3,1
4186000,1,2,1
4187000,1,4,1
4188000,3,4,1
4189000,2,4,1
4190000,2,3,1
4191000,1,2,1
4192000,2,3,1
4193000,1,4,1
4194000,1,3,1
4195000,1,2,1
4196000,1,3,1
4197000,1,4,1
4198000,1,4,1
4199000,2,4,1
4200000,1,2,1
4201000,2,3,1
4202000,2,4,1
4203000,1,3,1
4204000,1,3,1
4205000,2,4,1
4206000,1,3,1
4207000,2,4,1
4208000,3,4,1
4209000,3,4,0
4210000,3,4,1
4211000,1,2,1
4212000,2,4,1
4213000,1,4,1
4214000,2,4,1
4215000,1,2,1
4216000,2,4,1
4217000,1,2,1
4218000,1,2,1
4219000,1,3,1
4220000,1,3,1
4221000,2,4,1
4222000,1,3,1
4223000,3,4,1
4224000,2,3,1
4225000,2,3,1
4226000,2,3,1
4227000,3,4,1
4228000,2,3,1
4229000,2,3,1
4230000,1,4,1
4231000,1,2,1
4232000,1,4,1
4233000,1,4,1
4234000,2,3,1
4235000,1,2,1
4236000,1,3,1
4237000,1,2,1
4238000,3,4,1
4239000,2,3,1
4240000,1,3,1
4241000,1,2,1
4242000,2,3,1
4243000,3,4,1
4244000,1,4,0
4245000,3,4,1
4246000,1,2,1
4247000,1,4,1
4248000,2,4,1
4249000,1,4,1
4250000,1,4,1
4251000,3,4,1
4252000,2,3,1
4253000,2,3,1
4254000,2,3,1
4255000,1,2,1
4256000,3,4,1
4257000,1,2,1
4258000,2,4,1
4259000,1,3,0
4260000,3,4,1
4261000,3,4,1
4262000,2,3,1
4263000,1,2,0
4264000,1,2,0
4265000,2,4,1
4266000,2,4,1
4267000,1,4,0
4268000,1,2,1
4269000,3,4,1
4270000,1,2,1
4271000,2,4,1
4272000,2,3,1
4273000,1,4,0
4274000,2,3,1
4275000,2,3,1
4276000,3,4,1
4277000,1,2,1
4278000,1,3,1
4279000,1,3,1
4280000,2,3,0
4281000,2,4,0
4282000,3,4,1
4283000,1,3,1
4284000,1,3,1
4285000,3,4,1
4286000,3,4,1
4287000,3,4,1
4288000,3,4,1
4289000,2,4,1
4290000,2,3,1
4291000,1,3,1
4292000,1,3,1
4293000,1,2,1
4294000,1,4,1
4295000,2,4,1
4296000,1,2,1
4297000,3,4,1
4298000,1,4,1
4299000,2,4,0
4300000,3,4,1
4301000,1,3,1
4302000,1,3,1
4303000,3,4,1
4304000,1,2,1
4305000,1,2,1
4306000,2,3,1
4307000,2,4,0
4308000,2,4,1
4309000,2,3,1
4310000,3,4,1
4311000,1,3,1
4312000,2,3,1
4313000,3,4,1
4314000,2,3,1
4315000,2,4,1
4316000,1,3,1
4317000,2,3,1
4318000,1,2,1
4319000,2,4,0
4320000,2,3,1
4321000,1,2,1
4322000,1,3,1
4323000,2,4,1
4324000,3,4,0
4325000,1,2,1
4326000,3,4,1
4327000,2,4,1
4328000,1,2,1
4329000,1,3,1
4330000,1,2,0
4331000,2,3,1
4332000,1,4,1
4333000,3,4,1
4334000,1,2,1
4335000,1,3,1
4336000,1,4,1
4337000,2,3,1
4338000,3,4,1
4339000,1,2,1
4340000,2,4,1
4341000,1,4,0
4342000,2,3,1
4343000,1,3,1
4344000,1,3,1
4345000,2,4,1
4346000,1,4,0
4347000,2,4,1
4348000,3,4,1
4349000,2,4,1
4350000,1,4,0
4351000,2,4,0
4352000,2,4,0
4353000,2,3,1
4354000,3,4,0
4355000,2,3,1
4356000,2,4,1
4357000,1,4,1
4358000,1,4,1
4359000,1,2,1
4360000,1,4,1
4361000,1,4,0
4362000,2,4,1
4363000,3,4,1
4364000,1,4,1
4365000,1,2,1
4366000,1,3,1
4367000,1,4,1
4368000,1,3,0
4369000,1,2,1
4370000,1,4,1
4371000,3,4,1
4372000,3,4,1
4373000,2,4,0
4374000,3,4,1
4375000,1,4,0
4376000,1,4,0
4377000,3,4,1
4378000,2,4,1
4379000,1,4,1
4380000,2,3,1
4381000,1,3,1
4382000,3,4,1
4383000,1,3,1
4384000,1,3,1
4385000,2,3,1
4386000,1,3,1
4387000,1,4,1
4388000,3,4,1
4389000,1,4,1
4390000,1,2,1
4391000,2,4,1
4392000,1,2,0
4393000,1,3,1
4394000,1,4,1
4395000,2,3,1
4396000,2,4,1
4397000,1,4,1
4398000,3,4,1
4399000,1,3,1
4400000,3,4,1
4401000,1,2,1
4402000,2,4,1
4403000,2,4,1
4404000,1,2,1
4405000,1,2,1
4406000,2,3,1
4407000,1,2,1
4408000,2,4,1
4409000,1,4,1
4410000,3,4,1
4411000,1,3,1
4412000,1,4,1
4413000,1,3,1
4414000,2,3,1
4415000,3,4,1
4416000,3,4,0
4417000,3,4,1
4418000,3,4,1
4419000,2,4,1
4420000,2,4,1
4421000,1,3,1
4422000,1,4,1
4423000,2,4,1
4424000,1,2,1
4425000,1,2,1
4426000,3,4,1
4427000,1,3,1
4428000,3,4,1
4429000,3,4,1
4430000,2,3,0
4431000,1,4,1
4432000,2,4,0
4433000,1,4,1
4434000,1,2,1
4435000,1,2,1
4436000,2,3,1
4437000,1,2,1
4438000,2,3,1
4439000,2,3,1
4440000,3,4,0
4441000,1,4,0
4442000,1,2,1
4443000,3,4,1
4444000,2,4,1
4445000,1,2,1
4446000,3,4,1
4447000,3,4,1
4448000,1,4,1
4449000,2,4,1
4450000,2,3,1
4451000,3,4,1
4452000,1,3,1
4453000,1,3,1
4454000,1,4,1
4455000,3,4,1
4456000,1,4,1
4457000,1,3,1
4458000,3,4,1
4459000,1,3,1
4460000,1,2,1
4461000,1,4,0
4462000,1,3,0
4463000,1,3,1
4464000,1,2,1
4465000,3,4,1
4466000,1,2,1
4467000,2,4,0
4468000,1,4,1
4469000,2,3,1
4470000,2,4,1
4471000,1,3,1
4472000,1,3,1
4473000,2,4,1
4474000,1,4,1
4475000,2,3,1
4476000,1,2,1
4477000,1,3,1
4478000,2,4,1
4479000,2,4,1
4480000,2,4,1
4481000,1,4,1
4482000,2,4,1
4483000,2,4,1
4484000,1,3,1
4485000,1,4,1
4486000,3,4,1
4487000,2,3,1
4488000,2,4,1
4489000,1,2,1
4490000,1,4,1
4491000,2,3,1
4492000,1,4,1
4493000,1,3,0
4494000,1,2,1
4495000,1,3,1
4496000,1,4,1
4497000,3,4,1
4498000,3,4,1
4499000,2,4,0
4500000,2,4,0
4501000,2,3,1
4502000,3,4,1
4503000,2,4,1
4504000,2,3,1
4505000,3,4,1
4506000,2,4,1
4507000,2,3,1
4508000,1,4,1
4509000,1,3,1
4510000,2,4,1
4511000,2,4,0
4512000,1,3,1
4513000,2,4,1
4514000,1,3,1
4515000,1,3,1
4516000,1,2,1
4517000,1,3,1
4518000,1,4,1
4519000,3,4,1
4520000,2,3,1
4521000,1,2,1
4522000,2,3,1
4523000,3,4,1
4524000,1,3,1
4525000,1,2,1
4526000,2,4,1
4527000,2,3,1
4528000,1,3,1
4529000,2,3,1
4530000,2,4,1
4531000,1,4,1
4532000,1,4,1
4533000,2,3,1
4534000,3,4,1
4535000,1,2,1
4536000,2,3,1
4537000,1,3,1
4538000,1,3,1
4539000,3,4,0
4540000,1,4,0
4541000,2,4,1
4542000,1,4,1
4543000,2,4,1
4544000,2,4,1
4545000,3,4,1
4546000,1,2,1
4547000,2,4,1
4548000,1,2,1
4549000,2,3,1
4550000,2,4,1
4551000,1,3,1
4552000,1,2,1
4553000,2,3,1
4554000,3,4,1
4555000,1,3,1
4556000,2,4,0
4557000,1,2,1
4558000,2,3,1
4559000,3,4,0
4560000,2,4,1
4561000,1,4,1
4562000,2,3,1
4563000,2,4,1
4564000,1,3,1
4565000,3,4,1
4566000,1,2,1
4567000,1,3,1
4568000,2,3,1
4569000,2,4,1
4570000,2,3,1
4571000,3,4,1
4572000,1,3,1
4573000,1,4,1
4574000,2,3,1
4575000,2,4,1
4576000,1,2,1
4577000,2,4,1
4578000,2,3,1
4579000,1,3,1
4580000,1,3,1
4581000,2,4,1
4582000,3,4,1
4583000,2,4,1
4584000,1,4,1
4585000,2,4,1
4586000,1,3,1
4587000,3,4,0
4588000,3,4,1
4589000,1,3,1
4590000,1,2,1
4591000,2,4,1
4592000,2,3,1
4593000,2,4,1
4594000,1,3,1
4595000,2,4,1
4596000,3,4,1
4597000,2,4,1
4598000,1,3,1
4599000,2,3,1
4600000,1,4,1
4601000,3,4,1
4602000,1,3,0
4603000,1,4,1
4604000,3,4,1
4605000,3,4,1
4606000,1,3,0
4607000,1,4,1
4608000,1,3,1
4609000,2,3,1
4610000,3,4,1
4611000,1,3,1
4612000,2,4,1
4613000,2,3,0
4614000,1,2,1
4615000,2,3,0
4616000,2,3,1
4617000,1,3,1
4618000,1,4,1
4619000,2,4,1
4620000,1,3,1
4621000,2,3,1
4622000,1,4,0
4623000,2,4,0
4624000,2,4,0
4625000,2,3,1
4626000,1,2,1
4627000,1,2,1
4628000,1,3,1
4629000,2,4,0
4630000,1,4,1
4631000,2,3,1
4632000,3,4,1
4633000,1,3,1
4634000,1,2,1
4635000,1,3,1
4636000,3,4,1
4637000,3,4,1
4638000,2,4,1
4639000,2,3,1
4640000,2,4,1
4641000,2,4,1
4642000,2,4,1
4643000,1,2,1
4644000,2,3,1
4645000,3,4,1
4646000,2,4,1
4647000,3,4,1
4648000,2,4,1
4649000,1,2,1
4650000,2,3,1
4651000,2,4,1
4652000,3,4,1
4653000,1,3,1
4654000,1,3,1
4655000,1,2,1
4656000,1,2,1
4657000,1,3,1
4658000,1,3,1
4659000,1,3,1
4660000,2,3,1
4661000,1,3,1
4662000,2,4,1
4663000,1,2,1
4664000,2,3,1
4665000,2,4,1
4666000,2,4,1
4667000,3,4,1
4668000,3,4,0
4669000,1,4,0
4670000,3,4,1
4671000,2,4,1
4672000,3,4,1
4673000,2,4,1
4674000,3,4,1
4675000,1,3,1
4676000,2,3,1
4677000,1,2,1
4678000,1,3,0
4679000,1,4,1
4680000,1,2,1
4681000,1,4,1
4682000,1,2,1
4683000,2,3,1
4684000,3,4,1
4685000,3,4,1
4686000,2,3,1
4687000,3,4,1
4688000,1,3,1
4689000,3,4,1
4690000,2,4,1
4691000,2,3,0
4692000,1,2,1
4693000,3,4,1
4694000,2,4,0
4695000,2,4,0
4696000,1,4,1
4697000,2,3,1
4698000,3,4,1
4699000,3,4,1
4700000,2,4,1
4701000,2,3,1
4702000,3,4,1
4703000,2,4,1
4704000,1,4,1
4705000,1,4,1
4706000,2,4,1
4707000,1,3,1
4708000,2,3,1
4709000,2,4,1
4710000,2,3,1
4711000,1,4,1
4712000,1,2,1
4713000,3,4,1
4714000,1,2,1
4715000,1,3,1
4716000,3,4,1
4717000,2,4,0
4718000,3,4,0
4719000,1,2,1
4720000,1,3,0
4721000,2,3,1
4722000,1,4,0
4723000,2,4,1
4724000,1,3,0
4725000,1,3,1
4726000,2,3,1
4727000,1,3,1
4728000,2,4,1
4729000,1,4,1
4730000,1,2,1
4731000,2,3,1
4732000,3,4,0
4733000,1,4,0
4734000,3,4,1
4735000,2,3,1
4736000,1,3,1
4737000,2,3,1
4738000,3,4,1
4739000,1,2,1
4740000,2,3,1
4741000,2,4,1
4742000,1,2,0
4743000,3,4,1
4744000,1,2,0
4745000,1,2,1
4746000,1,4,1
4747000,3,4,1
4748000,2,3,1
4749000,3,4,0
4750000,2,3,1
4751000,1,2,1
4752000,1,3,1
4753000,3,4,1
4754000,2,4,1
4755000,3,4,1
4756000,2,4,1
4757000,1,2,1
4758000,1,3,1
4759000,2,3,1
4760000,2,4,1
4761000,1,3,1
4762000,2,3,1
4763000,1,4,1
4764000,1,2,1
4765000,1,2,1
4766000,3,4,1
4767000,2,3,1
4768000,1,2,1
4769000,2,3,1
4770000,1,4,1
4771000,1,3,1
4772000,1,2,0
4773000,3,4,0
4774000,3,4,1
4775000,3,4,1
4776000,2,4,0
4777000,3,4,1
4778000,1,2,1
4779000,2,3,1
4780000,1,2,1
4781000,1,4,1
4782000,1,4,1
4783000,1,3,1
4784000,1,2,1
4785000,2,4,1
4786000,1,3,1
4787000,1,2,1
4788000,1,4,0
4789000,1,2,1
4790000,3,4,1
4791000,1,3,1
4792000,1,2,1
4793000,2,4,1
4794000,2,4,1
4795000,2,3,0
4796000,1,3,1
4797000,2,3,1
4798000,1,2,1
4799000,1,4,0
4800000,2,3,1
4801000,1,4,0
4802000,1,3,0
4803000,2,3,1
4804000,1,3,1
4805000,1,2,1
4806000,2,4,1
4807000,3,4,1
4808000,1,3,1
4809000,3,4,1
4810000,2,4,1
4811000,2,3,1
4812000,2,4,1
4813000,2,4,1
4814000,1,2,1
4815000,2,4,1
4816000,1,4,0
4817000,3,4,1
4818000,3,4,1
4819000,1,2,0
4820000,2,3,1
4821000,2,3,1
4822000,1,3,1
4823000,2,4,1
4824000,2,4,1
4825000,2,3,1
4826000,1,4,1
4827000,3,4,1
4828000,2,4,0
4829000,1,2,1
4830000,1,4,1
4831000,1,4,1
4832000,2,3,1
4833000,3,4,1
4834000,1,4,1
4835000,1,4,1
4836000,2,4,1
4837000,1,4,1
4838000,1,4,1
4839000,2,4,0
4840000,2,3,1
4841000,1,2,1
4842000,1,2,1
4843000,1,3,0
4844000,1,3,1
4845000,1,2,1
4846000,1,3,1
4847000,3,4,1
4848000,1,2,1
4849000,2,4,1
4850000,1,4,1
4851000,1,3,1
4852000,2,4,1
4853000,1,2,1
4854000,3,4,1
4855000,1,2,1
4856000,1,3,1
4857000,1,2,1
4858000,3,4,1
4859000,1,3,1
4860000,1,4,0
4861000,1,4,1
4862000,1,2,1
4863000,3,4,1
4864000,3,4,1
4865000,2,3,1
4866000,1,4,0
4867000,3,4,1
4868000,2,3,1
4869000,3,4,1
4870000,2,3,1
4871000,3,4,1
4872000,1,2,1
4873000,1,4,1
4874000,2,4,1
4875000,1,2,1
4876000,1,4,1
4877000,2,4,1
4878000,2,3,1
4879000,1,4,0
4880000,2,3,1
4881000,1,2,1
4882000,2,3,1
4883000,2,4,1
4884000,1,3,1
4885000,3,4,1
4886000,1,2,1
4887000,3,4,1
4888000,3,4,1
4889000,1,4,0
4890000,1,3,1
4891000,2,3,1
4892000,1,2,1
4893000,1,3,0
4894000,2,3,1
4895000,1,2,1
4896000,1,3,1
4897000,1,3,1
4898000,1,2,1
4899000,2,3,1
4900000,3,4,1
4901000,2,4,1
4902000,1,4,0
4903000,2,3,1
4904000,1,4,0
4905000,2,3,1
4906000,1,2,1
4907000,1,3,0
4908000,2,3,1
4909000,1,2,1
4910000,1,3,1
4911000,2,4,1
4912000,2,4,1
4913000,1,4,0
4914000,1,4,0
4915000,1,4,0
4916000,1,2,1
4917000,1,2,1
4918000,1,4,0
4919000,3,4,1
4920000,1,3,0
4921000,1,4,1
4922000,1,2,1
4923000,3,4,1
4924000,2,3,1
4925000,2,4,1
4926000,1,2,1
4927000,2,4,1
4928000,1,2,1
4929000,3,4,1
4930000,2,3,1
4931000,2,3,1
4932000,3,4,1
4933000,1,2,1
4934000,1,3,1
4935000,2,4,1
4936000,2,3,1
4937000,1,4,1
4938000,3,4,1
4939000,3,4,1
4940000,1,2,1
4941000,1,2,1
4942000,1,4,1
4943000,3,4,1
4944000,1,2,0
4945000,1,2,1
4946000,2,3,1
4947000,2,3,1
4948000,1,4,0
4949000,2,4,0
4950000,2,3,1
4951000,3,4,1
4952000,1,2,1
4953000,1,4,1
4954000,2,3,1
4955000,1,4,1
4956000,3,4,1
4957000,3,4,1
4958000,1,2,1
4959000,1,3,1
4960000,1,3,1
4961000,2,3,1
4962000,3,4,1
4963000,1,4,1
4964000,1,4,0
4965000,1,2,1
4966000,1,3,1
4967000,1,3,1
4968000,1,4,0
4969000,3,4,1
4970000,3,4,1
4971000,2,4,0
4972000,3,4,1
4973000,3,4,1
4974000,1,4,1
4975000,2,3,1
4976000,3,4,1
4977000,1,3,0
4978000,1,3,1
4979000,2,4,1
4980000,2,4,1
4981000,1,3,0
4982000,1,2,1
4983000,1,4,1
4984000,2,3,1
4985000,2,3,1
4986000,1,3,1
4987000,1,4,1
4988000,1,3,1
4989000,2,3,1
4990000,2,4,1
4991000,3,4,1
4992000,3,4,1
4993000,2,4,1
4994000,1,2,1
4995000,1,4,1
4996000,1,2,1
4997000,3,4,1
4998000,3,4,1
4999000,3,4,1
5000000,2,4,1
